1010001000010111
1010101101101010
1010011101010110
1010110001110010
1010110100110111
1010110111111111
0010110001110100
1011001001001001
1010100010010011
1001110001010111
1010010100010110
1010111110000001
1001110010101000
0010001101011000
0010100001111001
1010101010110100
1011000111110001
1010110010100111
1010101001011001
1010100110000100
1010111110100100
0010011101110000
1010010100110100
1010111111000001
0010111100011111
1011000111111100
0010100111001101
1010111111010001
0010001110110111
0010111100001111
0010100001100100
1011001101110010
0011001011011100
1010111010101100
0001010101100001
1010100011101101
1010001010101110
0010011111001101
0010111100100111
1010001111000111
1010110101111000
0001101011101110
1010111010110111
1010101011001110
0010100001000011
0010100111010010
1010001000101011
1010001001000101
0010100010110010
0010110100010101
1011000010100100
1010110100111110
0010001001100010
1010001110001101
1000000101110000
1001111011000000
1010110001110000
1010101111001011
1011000011000000
0010001101011000
1011001001001010
1010110101011001
1010110110010101
1010000011111010
0001101010101011
1010010110001111
1010001000101010
1011001011100111
1010110101000110
1011010000010011
1010111000000000
0010111011000100
1010111101110001
0010110001010010
1010110011000001
0010011111100000
1010101110100001
0010011100101010
0010110001000100
1010110010110100
0010011100000111
1010011100101000
1010101000111010
1010111011010011
1010010110011000
1011000001110000
1011000001101101
0011000000001000
1001110100101111
1011001010010010
0010101000000110
1011000100001111
0010111011110101
1010111000101100
0010010110101111
0010010111001100
1010110011110111
0010110000100011
0010011000010010
1010011011101100
0010111101111011
1010010111111000
1010101000110011
0010110101101000
0001110100010101
1010101001010000
1010101010000111
0001111000011001
1010000101000100
1011000110100111
0011000011001101
1010110101111011
1001110011110111
1010100000110100
1010111111001111
1001011000001010
0010110001100001
1010000011111100
0010010001110000
1011001111011011
1010100000000000
1011000011000100
1010010100000010
1001110001111011
1010010110101111
1011001100001011
1010110101000011
0010100110100111
0010101110011111
0010101010101110
1010110100000101
1011000011001101
0010011000101010
1011000011101010
1011000110000111
1010010001100010
0011001011101100
0010111100101011
1010111110110001
1010010010110011
1011001100011000
0010111100001111
0010011101101011
0010001110111111
1010100011001001
1010010010100011
1010111101110111
1010111010001010
0010101100010010
0011001010000101
0010101111011011
0010111001110100
1010000001101011
0010000000101011
1011000100100001
0010100100010010
1010100101001111
1010001100010001
1010011111010111
1001101000010001
1010101011010101
1010101010011111
0011000001000011
1011001001000100
1011000101110011
1010010111111101
1010001110101100
0010111101011111
1001010110111100
0010000100110110
1010110010001001
0010101000100100
0011001001000101
1010111011111000
0011000001100001
1011001001111111
1010011111101010
0011000011000001
1010110001000101
1011000011111010
1010100101011011
1010110011101010
1011000111100010
0001110111111010
0010111110011111
0010000011111000
1010011000011100
1011000000001011
1010111000000111
0010101011100111
1001111111101011
1010011110000001
