0.01907431
0.00206846
-0.01607716
0.00416295
-0.00341052
-0.00402065
0.01080328
-0.01988204
-0.00795235
-0.01367351
0.01017618
-0.01087595
0.02940856
0.02601486
-0.01119796
-0.00805224
-0.02291694
0.00791983
-0.03021490
-0.01914148
-0.01529590
-0.00253093
0.00524480
-0.02573520
-0.01926050
0.00668638
-0.00398829
-0.00236818
0.01086431
0.01140952
-0.02254749
0.00304100
-0.02358074
-0.02088973
-0.01149527
-0.02005422
0.00454772
0.00666083
-0.00366675
0.02092608
-0.02783942
0.00709077
-0.00365785
-0.02176540
0.00366493
-0.00147326
0.01645430
-0.01248391
-0.01823640
-0.01496651
0.01023209
0.00959595
-0.00874379
-0.01621352
0.00508499
0.01115494
-0.00107523
0.00227410
-0.02203902
-0.01914714
0.02119700
-0.00124773
-0.00822785
-0.03512628
0.00059926
0.00214977
-0.00659267
-0.01903805
0.01182058
0.03215141
-0.00398338
-0.00706519
-0.00873833
-0.00763658
-0.01761918
-0.00680025
-0.01875680
-0.01750432
0.00659357
0.02098730
-0.01182850
-0.00945424
-0.04793952
-0.01257431
0.01170697
0.01416219
-0.00812082
-0.00816597
0.00806679
-0.01835150
-0.02318269
-0.02956683
0.02522796
0.02248203
-0.00793616
0.00318783
0.00868100
-0.01553008
0.01347156
-0.00293333
0.03168621
-0.01353045
-0.00312702
0.00843807
-0.00481108
0.03647228
0.02710244
-0.00588639
-0.01393413
-0.00017258
0.00296848
0.01239229
0.00341032
-0.00171088
0.00097698
-0.00370449
0.00507959
-0.00351476
0.01144556
0.02196386
0.00117306
-0.02965606
0.00916462
0.03178028
-0.00202184
-0.02378479
-0.01528207
-0.00200574
-0.01382973
-0.02938470
0.00606582
-0.00990829
-0.01237484
-0.03853947
0.01498498
0.00045107
0.02417548
-0.00543050
-0.01798148
-0.00502346
-0.00081290
0.01326389
-0.03412233
-0.00066395
-0.01732240
-0.01763790
0.02251361
0.03118321
0.00932792
-0.01228324
-0.00519162
0.01375598
-0.00646831
0.01152681
-0.01152025
-0.00084035
0.01766994
-0.01979714
-0.02350314
-0.00439493
-0.04118473
0.00071069
0.01602905
0.03258994
0.01453838
0.02891828
-0.00292995
0.00820224
0.00231431
-0.00162887
0.03103840
-0.00007460
0.01865678
-0.00069727
-0.02920717
0.00369107
-0.02515605
-0.00975968
-0.00742642
0.01890731
-0.01351232
0.01152928
0.00180279
0.00998498
0.00498295
-0.00177465
0.02761939
-0.00808834
-0.00733632
0.01209743
-0.01132579
-0.00951464
