0.61531830
-0.43500230
-0.43144488
-1.19437540
-1.08932495
-0.45066082
-0.89823544
-0.58968031
0.59966755
-1.78500617
-0.63270432
0.76432031
0.50784892
0.93827438
-1.10588741
0.15382843
0.70493919
-0.12219168
-0.76860523
-0.73038161
0.97656637
-0.67648399
-0.21499944
-0.64826602
-1.35361528
-1.15807796
-0.52152854
-1.02971447
0.71037757
1.49509883
-0.72696090
-0.09870894
-1.21479797
-1.72079849
-0.58840030
1.22828352
0.09374470
-1.12743008
-1.28147328
0.78968036
-0.52056754
0.44750890
0.63863707
1.46911192
-1.32610166
0.46129978
-1.26533699
0.68686754
0.89695591
1.01347697
-0.52786225
-0.47662488
0.54785228
-0.29314363
-1.93427122
0.16230029
-0.53111303
-0.79648215
0.54662871
-0.05605631
-0.03484626
0.37146613
-2.19115424
1.91020763
0.46283820
0.89015853
0.89753115
-0.22775304
0.65908056
-0.18257579
-0.91861284
-0.85095185
0.94438070
-0.50032580
-0.00045642
0.63603413
-0.50877428
1.08068120
-0.01083170
0.63630515
-1.20405245
-0.42283234
-0.33472717
-0.39512646
-0.89907420
1.19664776
-0.57026523
1.20066607
1.62516272
0.54242826
1.55781174
-1.01283884
0.29519382
1.18836451
0.42927974
-0.99702436
-0.79033482
-0.71202242
-1.63209057
-0.56046265
0.08403574
0.75026655
-1.77914572
-0.78216273
-1.65519869
-0.10959290
-0.59985471
0.69843066
-0.46719590
-1.52761137
-2.78525543
0.31418777
1.13563526
-0.15052806
-1.95969284
0.89536023
-0.38682431
0.61093998
-0.15388876
-1.46752548
-1.48901713
1.58847928
-0.39761239
-1.24379396
-1.07104909
1.79989338
1.21647549
-0.51821047
0.91440535
1.48410952
-1.23870516
-1.99080086
1.27110839
-1.16589904
0.44818985
0.55507153
0.34812853
1.21415901
0.50304341
1.55702472
0.99405497
-0.67003870
1.73041081
1.63123548
-0.90269685
-1.18981218
1.46450245
1.27444959
-1.52125287
0.73191905
-0.24581106
0.75591958
-0.74295568
1.75866508
0.16169412
0.63217223
-0.61661547
0.60040599
-0.01834611
2.33855891
0.58308780
-0.85447097
-0.19166872
-0.01831598
0.49377015
-0.00013326
-0.61890441
-1.96685016
1.35144389
-0.52586466
0.75282884
1.09225750
0.08458719
-1.29376340
0.44842035
0.65082896
0.55313456
-0.23724903
0.42560518
-1.01338315
0.55984086
0.27939793
0.85872525
-1.13938951
-0.75468159
-1.89983392
0.99245971
-2.08142734
-1.17466593
-0.75916803
-0.87272424
0.16116573
