6
18
60
37
23
3
68
-13
-29
19
41
-76
-49
71
3
41
35
-69
21
-1
-17
26
-81
-47
58
48
45
72
62
75
55
64
91
24
6
-3
-26
75
56
47
52
-27
-9
57
-71
49
-34
18
38
70
39
-47
-11
74
-38
-51
-9
0
16
-85
28
-5
-66
12
-1
62
-38
50
-39
39
43
-5
45
61
-16
33
61
11
-59
-57
-30
15
-21
11
15
6
-7
-70
-34
-25
57
26
-116
-23
61
54
53
-46
-31
44
-95
10
-51
-65
27
-94
-64
56
43
-10
-56
-26
-11
35
-6
36
38
-29
-35
47
-55
-78
23
22
65
29
1
25
44
20
-85
53
-43
-20
-40
74
-97
73
17
39
18
-58
-66
61
-44
-24
-47
-38
21
89
71
71
52
-49
-30
9
7
-28
2
-23
-26
8
66
45
25
66
0
60
6
-87
25
-128
85
9
7
10
-96
17
51
36
-38
47
63
35
52
-76
6
-23
-82
-83
41
14
