0.03646254
0.00696821
0.04218441
-0.05563837
-0.00685577
0.04086297
-0.03648958
-0.01071442
0.05883794
0.05843280
0.04341721
-0.06787066
0.01278204
0.00923428
0.04381241
-0.00193918
0.00478625
-0.07038385
-0.02351455
0.03309546
0.00638703
-0.02412285
0.04546779
0.04368865
-0.07045236
0.01272457
-0.06989785
-0.03526849
0.04237644
-0.05157775
-0.04873574
-0.05214623
-0.06205695
0.02107660
0.04494532
-0.05273713
0.04871590
0.04137104
0.05521162
0.05014373
-0.05498401
-0.04759552
-0.01704884
-0.06455851
0.03728561
0.06184477
0.02909058
-0.03637611
0.02930260
0.00738455
-0.04236398
0.01410162
0.06247564
-0.06166795
0.00820237
-0.00178218
0.01300912
-0.04332972
-0.00323433
0.05742586
0.02169325
0.02456648
0.01711883
0.04782751
-0.03280756
-0.04259058
-0.00910868
-0.02955608
0.00513396
-0.00957722
0.00301320
0.03924222
-0.01392711
0.06737821
-0.03739229
0.02528740
0.06641628
0.05305761
0.03229478
-0.04861249
0.05365652
0.02311610
0.00951374
0.00622549
0.04599899
-0.04552216
0.06236392
-0.05065229
0.02279314
-0.01605605
0.02829581
-0.06040678
-0.01200428
-0.05510893
-0.01197627
-0.00316565
-0.04402564
-0.02958888
-0.03188191
0.01739054
-0.06786355
-0.06189568
0.03779493
-0.04141993
-0.03931578
-0.06406455
0.02447467
-0.04737549
-0.06157524
-0.05445077
-0.04965973
0.05848493
-0.03128415
-0.07115176
0.00744455
-0.02280102
0.04270447
0.01424292
-0.03657614
0.03181212
0.02688533
-0.00057374
0.02100194
0.06948569
-0.00786524
0.05827354
0.05826285
-0.06121624
0.04779505
-0.01489201
-0.04150082
0.07030088
0.04630226
0.01718231
-0.02703181
0.07131062
-0.01404849
0.05920741
0.00109517
0.00115115
0.03088126
0.03075800
0.05684572
0.02565116
0.04536318
-0.03194842
0.05514456
0.01018673
-0.01016008
-0.05727155
-0.00895963
0.02361616
-0.02880723
-0.06328344
-0.04919863
-0.04047561
0.00378157
0.05522695
0.01546174
-0.01506507
0.00367878
0.04705006
0.02827433
-0.01137425
-0.00862870
0.03797764
-0.03132203
0.01626492
-0.04269753
-0.00703534
0.02392533
-0.00510272
-0.03660728
-0.05183450
0.04891760
0.07024759
-0.05919060
0.02400337
-0.02600699
-0.02492517
-0.05046906
0.00426789
-0.06935845
-0.02805117
0.00223564
0.03950474
0.05386791
-0.00005513
0.00056268
-0.07004083
-0.03621662
0.04308883
