1011101101110110
1011000100101011
0011110011001110
0011101011010110
1011101000010101
0100000100000001
0011001001101101
1011110011100110
0011101010000110
0010101010101111
0011111000010100
1011011110111010
1011000011111111
0011100001101111
1011111000000101
0011011101000111
0010001100011101
1011100111111110
1011011111010001
0011011001011101
0011111110100001
0011001110011111
0011110010100000
0011000000100010
1011010010101011
1100000010001101
0011110111111100
0010110000111011
0011110111001000
1011101111001000
0010111001101101
1010111100111011
1011110000010110
0100000000001011
0011101110100010
1010111110110011
1010011011001111
0011110100111010
0011100111001100
1011110110000110
1011001110010001
0011101101001011
1011100111001101
1011010001010111
0011000111000000
0100000001000100
0011011101100001
1011100111000111
1011111110101001
1011110001001100
0011110101011111
0011111101001101
0011000000011100
0011001111011000
1011101101101110
0011111000110111
0011110001100101
1011111001101000
0011111101110100
1011111010011001
1011100011010001
1011110101111110
1011010100001011
0100000010000111
