-0.05155766
-0.04262872
0.04626388
0.04650451
0.04647332
-0.04679047
-0.04285249
-0.10217318
0.00751947
-0.00918299
0.01266315
-0.08718378
0.00103116
0.07190212
0.02862694
0.05358808
-0.07662387
-0.04348696
-0.02189807
0.01126608
-0.13778585
-0.00493748
-0.00279721
-0.04707456
0.05871131
-0.07785621
0.07503583
-0.00912287
0.08667954
0.06856187
0.06602766
-0.12801687
0.03057507
-0.04919739
-0.00908340
0.00146183
-0.04194561
0.08553892
0.04553334
0.07233125
0.00965886
-0.03529181
0.06716156
0.04665922
0.04469301
0.01199340
-0.02036390
-0.04445369
0.03621035
0.04166611
-0.11849489
-0.10772575
-0.01669724
0.10568596
-0.12977414
0.06670355
-0.13863084
-0.02918117
-0.14006776
0.02934657
-0.14832243
0.03649536
-0.22044599
-0.02011401
-0.01362458
0.07211015
0.04052231
-0.21630552
0.01827458
-0.15590245
0.05090689
0.00656393
-0.03644444
-0.00693200
-0.10930268
0.07021130
0.06909807
-0.00138019
0.03408815
0.01538568
0.00872981
-0.05518233
0.02921420
-0.03677270
-0.04247646
-0.05824609
-0.09664615
0.09627343
0.05719022
0.03966318
0.05995636
0.06049303
0.08791275
-0.17686228
0.06681265
0.02428268
0.03984324
-0.11723075
0.04993555
0.00114167
-0.00038311
-0.01161841
-0.14757393
-0.02370264
0.00318469
0.01600219
-0.02339711
0.00398185
0.00610703
0.00732852
0.02152141
-0.06030581
0.04617053
-0.02209649
-0.06191352
0.00758176
0.09533200
0.04773138
-0.13366522
-0.05213575
-0.01134258
-0.09925842
0.01027988
-0.04207223
0.05220133
-0.10263245
-0.02528281
-0.05806254
0.05782490
0.03047494
-0.03997559
-0.05389513
0.05286329
-0.17255399
0.00197271
0.09785119
0.07397604
0.10215221
-0.08917989
0.09908139
-0.05150503
0.05396157
0.06623876
-0.00201736
0.05013333
0.07653046
0.05119556
-0.16842461
0.04195539
0.00172972
0.10155995
0.08948658
0.03505901
0.02230372
0.15479325
0.01248773
-0.03034298
-0.03728695
0.02137034
0.03932703
-0.09632692
-0.08517482
-0.03996506
-0.11188535
-0.14334960
0.06608007
0.01270580
0.12016317
0.04158216
-0.05048862
-0.04878781
-0.09549754
0.06945975
-0.01846381
0.08430002
-0.20028080
-0.07455124
0.02592624
0.04051744
-0.12254968
-0.02601947
0.00680010
-0.04915467
0.02109012
0.04385105
-0.07830517
-0.03660009
-0.07374217
-0.08628765
-0.04668604
0.03586634
-0.08134844
