0010110000011001
1010100101000111
1010100111000010
1001110001100100
1010110100011011
0010001001111001
1010100001111100
0010101000010000
1010010001101010
0010011010010111
1010100010101100
0010101100100001
0010000101100110
1010011110010011
0010010101000111
1001111100110001
1010011110100010
1010010100100100
0010101011111001
0010110100101101
0000110100011010
0010011000010000
1010010101001010
1010010011101111
0010010100110001
1010100001010000
1010100110011100
1010001011010001
0010100110110110
1010010011010111
1010100111001000
0010010111001101
0010000001001110
0010011010101000
1010100100000110
0010100001001000
1001100110000110
1010100110000110
0010001000101110
1010011011001000
0010010010010000
1010011110110010
1010001100010100
0010010010101001
1001111101110111
0001010000011111
0010100001000000
0010010111010100
0010011100101000
1010010111011101
0010011001100000
0001010011111011
0010101001010111
1010100010111010
1010101110010111
0010010111000110
0010011111111011
1010101111111111
0010001010101101
1001100111110111
1010101000010011
1010101100011111
1001101000100101
0010100100000100
1001011100100000
1010011010010100
1010011110110001
0010100110011000
1001110001011000
1010101001010001
1010110000011111
1010000110001001
1010011011010110
1010010111110011
0010110001000110
1010010110001001
0010000001010101
0010100100010010
1010001101010110
0010000100010110
1010010100011001
1010100100110000
0010101011010100
0010101001000000
1010100101111010
1010100000100000
1010001010100000
0010010001100111
1001110101111111
1001111001011010
1010100011010100
0001100100001001
0010001010110010
1010001000000101
1010101000011010
1001011010000110
0010001101100111
1010011110101111
1010100101001011
1001110100100111
1010100110100100
1000100100001100
1010010111101101
1010000011101111
0010100011001101
0010011000110101
0010001010101101
0010000000101100
0010010011110110
0010010100011010
0010011101101001
0010010011011110
1010101010010000
1010010100001000
1010100011001011
1010110001101001
0010101100000101
1010000001010111
1010100111101100
0010011100111110
1010011010110111
1010010000001010
1010010000100101
0010101101000001
1010010011100111
1010100010110101
0010101000011110
0010010111101010
0010010111101100
1010101011101001
0010100010110000
0010000011001011
1010100100111001
1010110001010010
1001111011011000
0010000010001101
1010100111000100
1010010100010111
1010101110101101
0001101110011001
1010010011101010
0001000000000110
1010101101000111
1001101010001010
1001110100001100
0010001110101011
0010100101101110
0010100011111011
1010100101010101
0001100010001100
1010100000100101
1010001011101010
1010011111001011
1010100110010101
0010100001001000
0010010100110110
0010101001111011
1010010101010101
1010011011000111
1010100111010101
0010011101110011
1010010000001110
1010110010000110
1010101100110010
1010110101000011
1001100010000110
1010010100010111
0010010011001001
1010011001011000
0010010110000110
1010000010111111
1001101011011000
1010010100010000
0001101101001000
0010011101111111
0010101001110101
0001101111000000
1010001011010100
1010110000000000
0010100001000100
1001100000010001
0010100010110000
0010011100011101
0010011100010001
1010011110000110
1010110010000001
1001111111001111
1010011000110100
0010010100100110
0010100000011011
0010011111011010
0010010111001101
