0011101111111101
0011110000101011
0011110100010000
0011110000011101
0011110001010000
0011101001110100
0011111101010000
0011101010001110
0011101110111000
0011110000001001
0011101111100110
0011110000100100
0011110001001111
0011111010000101
0011101100100110
0011101110001001
0011101010110111
0011110000001111
0011110000100111
0011101111111111
0011101100100010
0011110000110100
0011110001101001
0011110001110001
0011110111010111
0011101011000111
0011110001011000
0011101111100100
0011110101110111
0100000001011100
0011110100100110
0011101010001110
0011111010100101
0011101100111101
0011101111000110
0011101110100010
0011101101110001
0011110110010000
0011110010011011
0011110000100000
0011110000001000
0011110000111110
0011110000111111
0011110001101011
0011110011101001
0011111000111011
0011110011100100
0011101101110111
0011110000110000
0011110100001000
0011101101000110
0011101110010111
0011101111011111
0011110101000000
0011110000011001
0011110010011010
0011101110000000
0011101101100101
0011101100011001
0011110010100111
0011101011011110
0011110001011101
0011101111101100
0011110000001011
0011101111011111
0011110010010010
0011110000111100
0011101010001111
0011110000110111
0011101001101111
0011110000111111
0011101011111011
0011101110110110
0011111000001100
0011101110011011
0011110001011111
0011101111000000
0011110000001110
0011110001001111
0011110010100010
0011101011011100
0011101111001111
0011110000111001
0011101101000100
0011101110010010
0011110001101001
0011101101110000
0011110000101001
0011110010000111
0011110001000111
0011110010110000
0011110001100000
0011110111001011
0011101101111011
0011110000100001
0011110010100111
0011110001110000
0011110001110001
0011110000000100
0011101110110111
0011110111010010
0011101111010010
0011101110110111
0011101101011110
0011101111110101
0011110010111011
0011110001000101
0011110001100100
0011110000000100
0011110011001010
0011110011000000
0011101101011000
0011101011110011
0011110001001111
0011101100111111
0011110001100001
0011110011000101
0011101001000001
0011110000011011
0011110001111110
0011110000111110
0011101110110101
0011101111111100
0011110000010001
0011110011101110
0011101010100001
0011101101101101
0011101111100110
0011110011001100
0011101100011011
0011110000010000
0011101101010010
0011101110100110
0011101101010001
0011110010100010
0011110010001100
0011111010000001
0011110111100100
0011110001001001
0011110000100111
0011101010000110
0011110010101010
0011110101100110
0011110001111000
0011110001011001
0011110000010110
0011110001100101
0011101101011001
0011110001100111
0011111101011001
0011110100100100
0011110110000001
0011110010000111
0011110000100111
0011110011010111
0011101101100101
0011101111000011
0011101111101111
0011101111000110
0011101111100000
0011101110000100
0011101110111010
0011111100100000
0011101011010010
0011101011111110
0011110001011100
0011110000001111
0011110100011111
0011101111011111
0011110100001110
0011101101110101
0011111001110001
0011110111001000
0011110001011001
0011101010101011
0011101011010010
0011110010110101
0011101100110110
0011101111001110
0011101100010001
0011110001010001
0011101110001011
0011101100001011
0011110000001001
0011110001100110
0011110100000000
0011101110001111
0011101101000110
0011110001000110
0011110101111011
0011110000100100
0011101111100101
