1011110000101000
0011011100101010
0011011001010010
1011100000010000
0011100010011110
1011100000101010
1011101101110110
1011110110001010
1011110010011101
0011011100100110
0010001000011100
0011001101010000
1011011000100111
0011011100000100
0011011100001110
0010010111101000
1011101110100110
1010011100100111
1011010001111110
1011101100110010
0011101100110011
1011011000111000
1010100111001001
0011110110010110
0011011011101111
1011011000000100
0011111101010110
1011101111111011
0010101010111101
1011010000101110
0011101000010100
0011111111010111
0011111010000001
1011001111111011
0011011011011111
0011111011101111
0011001011001110
0011001010000100
1011100111111100
1011011010100101
1011111101110110
0011111110110001
1011100011010000
0011101111101001
1011101110111111
1011110010011111
0011100101001100
0011011110101110
1011110010111010
0011110110001011
0011011110000001
0100000010100111
0011101110110000
0011110111011001
1011100100011111
0011110010000111
1010110011101001
1011101000110010
1010101100000010
1011100011111101
1011101110101110
1011110101001011
0011110111010001
1011011000101011
0011100001011110
1011010101010111
0011110101000101
0010101001000100
0011101011001011
0010110101001110
0011010100101000
1011000110100111
0011001011010011
0011100001100111
0010101111110100
1011100011100101
1011011101000011
0011100101011001
1011111000110011
1011111000010010
1011100011101100
0011011110000100
1011110011110001
0011101101110010
1011110110110011
1011100110100010
0011001000001010
0011111110011010
1011011110011111
1011010000111011
1011111010000001
1011001101101110
1011101011010111
1011001011101101
0011100001010000
1011110101111110
1011100101100000
1011110111111011
0011010011001100
1011101100010010
1011001111101110
1011100101000111
1011101100001001
0011101101101000
0011100001010001
0011110000011011
1011100111111111
1010110100111011
0011101001101001
0011110111011110
0011111000110011
1011101111100011
1011010100101011
0011011111111100
0001110001010101
0011100011011111
1011101011111000
1011100111111011
1011111111101011
0011111011010101
1011110001011110
0011011101011101
0011101010111000
0011111101001000
0011110010111000
0011001111000011
0010100101110000
1011100010100010
1011111010011011
1011011010001110
1011001100111001
0011100100011101
0011100000010110
0011101000011000
0011111011010110
1011100110001001
0011110111000010
0011101011100111
0011101011000101
0011010101010100
1011110000101011
1011100101010110
0011101111001001
1011110000111001
1011101010111101
1011110000110011
1011011101000111
0010100010101001
1011110100110111
0011001000100111
0010111101000111
0011110110100101
1011100001010010
0010100010110101
0011110100001001
0011011111010111
1100000000100111
1011100011101001
0011101101011111
1011100110111001
0011110010001111
1011011100101111
0011100000000101
1011001010001101
0011100000101111
1011110110010000
0011010000101100
0011010101110101
1011110001011001
0011011101110000
1100000011100110
1011101111100000
0010111110011100
1011100100000011
1010001111101101
0010111000110000
0011010111010011
0100000010010000
1011000001110110
1011010000010010
0011101111011011
1011000101111110
1011011010010110
1011001110011111
1011110100101101
1011110110110000
1011111100010100
0011011111101011
1011111010011001
0011010001011001
1011110001010000
0011110000100101
