-0.41023770
0.24506198
-0.35074690
-0.34440714
-0.41226360
-0.14427958
0.19515125
0.29624549
0.36192390
0.22565013
0.09505118
0.04490462
0.20654279
-0.39465341
0.20953837
-0.05204671
0.00057672
0.07155836
0.33824942
-0.36099640
0.41677168
0.00204241
-0.39967036
-0.01634905
-0.15417792
-0.01861577
-0.22659408
0.40453896
-0.16065334
-0.44934249
0.35801879
0.18532211
-0.36235523
-0.43536022
-0.17628336
0.09226784
-0.14773199
-0.28383526
0.34176749
-0.37806281
-0.08867653
0.09860639
0.45018169
-0.44270569
0.10389997
0.36312681
-0.23292407
0.33200169
0.33604753
-0.13293046
-0.16562900
0.19624998
0.16064915
-0.53419065
0.23837990
0.24945703
-0.40509817
-0.14593938
0.45331359
-0.13868950
-0.07458725
0.05160217
-0.27179101
-0.44182566
-0.33587447
0.07837263
-0.06281136
-0.35288966
0.12985305
0.38265032
-0.20755662
-0.07150186
-0.09081591
0.11815389
0.24596274
-0.39453307
-0.47108594
-0.18455717
-0.55133456
-0.33707607
-0.20895532
-0.32754195
-0.24134193
-0.25341752
0.55168241
0.19625223
-0.12855427
-0.39535654
0.08677919
-0.11527023
-0.08888087
-0.10639533
0.34879097
0.33011979
-0.33417818
-0.06742212
-0.04891223
0.16438551
0.40835130
-0.15393704
-0.05023868
-0.53704631
-0.37131795
0.01942007
0.11518923
0.59665138
0.30156127
-0.29525822
-0.08168516
0.11714439
0.41125846
0.44668913
0.07464134
-0.06421117
0.24660406
-0.24543689
-0.02851777
0.02404562
0.18108922
-0.29131502
-0.44978932
-0.03496458
0.26539212
0.26122883
0.24458392
0.30616233
0.23869739
-0.38246527
-0.07587092
-0.11222792
0.35905179
0.03357056
-0.04752038
0.26768127
0.10713084
0.09207257
-0.13258916
-0.16736218
-0.13723306
-0.38615909
-0.25349510
0.50887597
-0.36301655
0.14267281
-0.26005819
0.38172159
-0.48922807
-0.41703579
-0.02232460
0.00621824
-0.43456537
-0.33115146
0.57179904
-0.08322157
0.18527937
-0.27336350
0.21907519
0.03518705
-0.11388714
-0.07986533
0.16781540
0.00506277
-0.31941181
0.26500559
0.45633322
0.28195325
0.27424353
-0.35668421
0.31545791
-0.47306368
-0.47576222
-0.02597550
-0.27268419
0.41879407
-0.11378085
0.01807075
0.02661873
0.00698784
0.17865479
0.01316200
-0.25222412
0.11760626
0.11778797
0.10124312
0.42935872
-0.06368350
0.07549045
-0.29270995
-0.14374365
-0.24114457
-0.04316077
0.15815479
