0011101011111111
0011110000000110
0011101011101011
0011101001111000
0011101000010011
0011110010011100
0011101110010100
0011101000101111
0011110001101100
0011101100001001
0011110010000101
0011101101011100
0011110001010010
0011100110111110
0011110010010100
0011110010101000
0011101010110101
0011110100100000
0011110001101011
0011101101011011
0011100011001001
0011110001100100
0011101011110100
0011101000001010
0011101001011000
0011100111010111
0011110000001111
0011101011100000
0011100011011010
0011100110011010
0011100111010011
0011110000001010
0011101100110111
0011101000101010
0011100011000011
0011110100001001
0011101110000101
0011101001010011
0011101011011010
0011101100010010
0011100100011010
0011101000101000
0011101011100100
0011110000000000
0011110000111010
0011101011100110
0011101011110100
0011101001011000
0011110001110101
0011100110101000
0011101100011000
0011100101011010
0011110010100111
0011101001011010
0011101110011010
0011101100011111
0011110000001110
0011101110011111
0011100011111110
0011101010100011
0011101100110100
0011101010100001
0011110000010110
0011101101010111
0011101001101101
0011101101011100
0011100011111000
0011101110100010
0011101111000010
0011110000011011
0011101110110110
0011110001111110
0011011000001000
0011101111110110
0011110000111000
0011100101010010
0011101100100010
0011110000100011
0011100111111000
0011101101111111
0011110001000111
0011110000100101
0011100000101100
0011100000001010
0011101001110011
0011101011101011
0011101101011100
0011101100101100
0011101110001000
0011100011110111
0011110011111011
0011110001000000
0011101100100000
0011101010010110
0011110000010111
0011101100110110
0011101100110011
0011101101010101
0011101100111000
0011110010000111
0011110000110010
0011101000101111
0011101010110101
0011110001001100
0011110010000000
0011101010101101
0011110001111001
0011101111101011
0011100000100011
0011101111010000
0011110000110100
0011101011011001
0011110010101000
0011101010010010
0011110010010110
0011101001100100
0011110011011111
0011110001001000
0011101100100000
0011101000001000
0011101101011010
0011101100110110
0011101110011101
0011101011111001
0011110001100010
0011101100011100
0011110000111101
0011110000010001
0011101010101010
0011110001011001
0011101100100101
0011110100101010
0011110011000100
0011110000000000
0011110010010000
0011110000001101
0011101000110111
0011101111010111
0011110000111010
0011101101101111
0011110000100111
0011101010100110
0011110000110111
0011101111001110
0011101011011110
0011101010111000
0011101011000010
0011100111111100
0011101011010001
0011110000101111
0011101101100110
0011101011100101
0011101001110000
0011110011111111
0011101101010011
0011110000101111
0011101101000010
0011110111010101
0011110001111111
0011101010000100
0011101011110001
0011110001100011
0011110010110011
0011110001000100
0011101101001011
0011110000001010
0011101111100100
0011101010111000
0011101111001111
0011101100011000
0011101001011000
0011101011101110
0011101110011011
0011101100000000
0011110101111011
0011101110011101
0011110100000111
0011101111000100
0011110000011110
0011110001010010
0011100110010100
0011110010000010
0011110011011011
0011110000101111
0011101010000001
0011110000101000
0011110001000001
0011101110101011
0011110000001010
0011110001110010
0011100111001100
0011101111011100
