0011100011101100
1011011011110110
1011011011100111
1011110011000111
1011110001011011
1011011100110110
1011101100110000
1011100010111000
0011100011001100
1011111100100100
1011100100010000
0011101000011101
0011100000010000
0011101110000010
1011110001101100
0011000011101100
0011100110100100
1010111111010010
1011101000100110
1011100111011000
0011101111010000
1011100101101001
1011001011100001
1011100100110000
1011110101101010
1011110010100010
1011100000101100
1011110000011110
0011100110101111
0011110111111011
1011100111010001
1010111001010001
1011110011011100
1011111011100010
1011100010110101
0011110011101010
0010111000000000
1011110010000010
1011110100100000
0011101001010001
1011100000101010
0011011100101001
0011100100011100
0011110111100000
1011110101001110
0011011101100001
1011110100010000
0011100101111111
0011101100101101
0011110000001110
1011100000111001
1011011110100000
0011100001100010
1011010010110001
1011111110111101
0011000100110010
1011100001000000
1011101001011111
0011100001011111
1010101100101101
1010100001110110
0011010111110010
1100000001100010
0011111110100100
0011011101101000
0011101100011111
0011101100101110
1011001101001010
0011100101000110
1011000111011000
1011101101011001
1011101011001111
0011101110001110
1011100000000001
1000111101111010
0011100100010111
1011100000010010
0011110001010011
1010000110001100
0011100100010111
1011110011010001
1011011011000100
1011010101011011
1011011001010010
1011101100110001
0011110011001001
1011100010010000
0011110011001101
0011111010000000
0011100001010111
0011111000111011
1011110000001101
0011010010111001
0011110011000001
0011011011011110
1011101111111010
1011101001010011
1011100110110010
1011111010000111
1011100001111100
0010110101100001
0011101000000001
1011111100011110
1011101001000010
1011111010011111
1010111100000100
1011100011001101
0011100110010110
1011011101111010
1011111000011100
1100000110010010
0011010100000111
0011110010001011
1011000011010001
1011111111010111
0011101100101010
1011011000110000
0011100011100011
1011000011101101
1011110111011111
1011110111110101
0011111001011011
1011011001011101
1011110011111010
1011110001001001
0011111100110011
0011110011011110
1011100000100101
0011101101010001
0011110111110000
1011110011110100
1011111111110111
0011110100010110
1011110010101010
0011011100101100
0011100001110001
0011010110010010
0011110011011011
0011100000000110
0011111000111010
0011101111110100
1011100101011100
0011111011101100
0011111010000110
1011101100111001
1011110011000010
0011110111011100
0011110100011001
1011111000010110
0011100111011011
1011001111011110
0011101000001100
1011100111110010
0011111100001001
0011000100101101
0011100100001111
1011100011101111
0011100011001110
1010010010110010
0100000010101101
0011100010101010
1011101011010110
1011001000100010
1010010010110000
0011011111100110
1000100001011110
1011100011110100
1011111111011110
0011110101101000
1011100000110101
0011101000000110
0011110001011110
0010110101101010
1011110100101101
0011011100101101
0011100100110101
0011100001101101
1011001110011000
0011011011001111
1011110000001110
0011100001111011
0011010001111000
0011101011011111
1011110010001111
1011101000001010
1011111110011001
0011101111110001
1100000000101010
1011110010110011
1011101000010011
1011101011111011
0011000100101000
