0011101111110110
0011101011011111
0011101101011000
0011101000111101
0011101110110110
0011101001101100
0011110001011110
0011101011101100
0011101110000110
0011101101000100
0011110000001101
0011110000110001
0011110000000011
0011101011101011
0011100111111001
0011101111110001
0011101011100101
0011110000010000
0011101011110100
0011101010100101
0011101011000010
0011101110011100
0011110001000111
0011101111111110
0011101101001001
0011101111101111
0011101011101101
0011101110000010
0011101101001010
0011101110110110
0011101110111011
0011101101010010
0011110001100010
0011100111001110
0011101100000011
0011101110101101
0011101101001000
0011101111101111
0011101100001110
0011101010100001
0011101101100000
0011101110011110
0011101010010101
0011110000110001
0011101010110101
0011101101011101
0011101110011101
0011101100001100
0011101001000100
0011101111110010
0011101101111001
0011101111010011
0011101110101000
0011101111010111
0011110000000000
0011101001001010
0011101000000100
0011101110000001
0011100111011011
0011101101110001
0011101000000011
0011101101101000
0011101100100001
0011101100010010
0011101101111011
0011101111111111
0011101111100011
0011101011011101
0011101011111010
0011101101100101
0011101100110000
0011101110101110
0011101111101000
0011101101100010
0011101100010100
0011101010011101
0011101001110011
0011101110001010
0011101101110011
0011101100001010
0011101101100010
0011101100100010
0011101011110011
0011101100111101
0011101100100101
0011101101010111
0011101001101110
0011101010100101
0011101011101011
0011101100001010
0011101110101101
0011101100001101
0011101111011000
0011101101001000
0011101011010100
0011101100110011
0011101110011001
0011110000100100
0011101100110110
0011110001010110
0011101101010010
0011101101101111
0011101011110001
0011101111111100
0011101011101111
0011101110101000
0011110000001011
0011110000110001
0011101111000010
0011101101011011
0011101100111111
0011101101000111
0011101011001010
0011101111110111
0011101011001100
0011101100100100
0011101110111111
0011101100001010
0011101111110010
0011101110101100
0011101001001100
0011110000000110
0011101010100101
0011101010011010
0011101011110101
0011101011000100
0011101010100111
0011101110110011
0011101011111100
0011101100110101
0011101111100011
0011101101000111
0011101001011001
0011101101111000
0011101011000100
0011110010000011
0011101100100001
0011101111111010
0011101101110001
0011101011100010
0011101101001010
0011101110101100
0011101001110011
0011101110000110
0011101010000101
0011101100010100
0011101010110011
0011101100001111
0011101101100111
0011110000010100
0011110000001010
0011101000010010
0011101010111110
0011101010011000
0011101100000111
0011101010011010
0011101100011010
0011101101011010
0011101101011110
0011101110110000
0011101011100010
0011101100001100
0011101101101001
0011101100010100
0011101001100111
0011110000111011
0011101100000110
0011110001000100
0011101110010000
0011101100011110
0011101011110001
0011110001000001
0011110000010011
0011101111100110
0011101101011001
0011101000010111
0011110001100110
0011101101111011
0011101111011100
0011101110010110
0011101101010001
0011101011000111
0011101101111010
0011101101011001
0011101010100010
0011110001110101
0011101011000101
0011101100100100
0011110000010010
0011110000100111
0011101100010101
0011101011010001
