0.06401258
-0.04123765
-0.04499369
-0.00428825
-0.07974996
0.01264048
-0.03503541
0.04736280
-0.01723849
0.02573602
-0.03650701
0.05570962
0.01054345
-0.02957965
0.02061156
-0.00702467
-0.02981440
-0.02008121
0.05445930
0.08084501
0.00031134
0.02368250
-0.02066020
-0.01926780
0.02027202
-0.03369162
-0.04383138
-0.01331403
0.04462260
-0.01890324
-0.04516301
0.02266398
0.00841112
0.02599706
-0.03925874
0.03343794
-0.00269781
-0.04313707
0.01207264
-0.02648319
0.01782185
-0.03006600
-0.01382771
0.01819743
-0.00729099
0.00100607
0.03319472
0.02277249
0.02796083
-0.02290159
0.02489925
0.00121561
0.04952150
-0.03692374
-0.05930022
0.02254885
0.03118033
-0.06245740
0.01303704
-0.00291187
-0.04745958
-0.05563022
-0.00300064
0.03917590
-0.00173995
-0.02570036
-0.03004463
0.04369713
-0.00424074
-0.04934033
-0.06436181
-0.01081335
-0.02670632
-0.02324053
0.06679428
-0.02162604
0.00846393
0.03959813
-0.01433009
0.00993037
-0.01991645
-0.04053126
0.05334041
0.04884308
-0.04279267
-0.03222507
-0.01293811
0.01719727
-0.00536556
-0.00620221
-0.03772942
0.00245902
0.01307852
-0.01176030
-0.04766407
-0.00159225
0.01445976
-0.03000971
-0.04134963
-0.00503168
-0.04407493
-0.00015406
-0.02315007
-0.00963872
0.03749465
0.02424104
0.01304185
0.00814545
0.01938295
0.01993534
0.02894518
0.01900535
-0.05126560
-0.01965999
-0.03745415
-0.06892560
0.05485447
-0.00848003
-0.04627424
0.02829408
-0.02623356
-0.01577155
-0.01619567
0.05668519
-0.01914933
-0.03678595
0.04779392
0.02310594
0.02313200
-0.05399713
0.03662191
0.00936286
-0.04079727
-0.06750133
-0.00668403
0.00888913
-0.04504932
-0.01988101
-0.05995532
0.00371030
-0.01920054
0.00049137
-0.05686587
-0.00319201
-0.00492769
0.01497742
0.04242760
0.03889775
-0.04165553
0.00222110
-0.03236909
-0.01350731
-0.03043576
-0.04360848
0.03344144
0.02035733
0.05063992
-0.02083142
-0.02647299
-0.04557598
0.02909156
-0.01584392
-0.07069869
-0.05622335
-0.08221434
-0.00220863
-0.01988874
0.01869205
-0.02478416
0.02157703
-0.00927283
-0.00334217
-0.01976778
0.00355578
0.02928565
0.05045677
0.00378416
-0.01333709
-0.06251925
0.03331956
-0.00198590
0.03662034
0.02779172
0.02760975
-0.02938603
-0.07038053
-0.00762388
-0.02422374
0.02011243
0.03208319
0.03066658
0.02265876
