1.04179335
1.00597739
0.98430139
1.02435708
0.97664434
0.97311139
0.99000001
1.00453663
0.99344969
0.92458826
0.97903579
1.00011730
1.01640701
1.01224923
1.02985370
1.00216579
0.98188698
0.98281199
0.98755777
1.00609970
1.01160896
0.97579968
1.06001461
1.00109756
1.01774263
0.97726655
0.95969433
1.04015124
1.00835645
1.00144649
0.98442888
1.01889551
0.99991357
1.02436388
0.96384096
1.01140070
0.99919200
0.94152391
1.01540780
1.04094946
0.99236101
0.99054486
0.97601461
1.00818944
1.00729227
1.00957155
1.00616729
1.00262547
1.03636324
1.02431548
1.02424061
0.96656454
1.02540135
1.00626802
1.00020814
0.95573020
0.99721628
1.01934791
0.99279869
1.00667799
1.02905405
1.01423573
1.02174783
1.04773462
1.00901663
0.98061186
0.98892725
1.01904190
0.99762309
0.95977801
0.97036648
1.01527750
0.98707944
0.95137423
0.99772227
1.01732743
1.03698087
0.97971976
1.01199913
0.97040492
1.00461733
0.96353501
1.04480779
1.01700664
0.98634899
0.98565394
1.03896070
0.98046643
1.01599813
1.00949621
0.96873277
0.97150558
0.99762028
1.00549686
0.97788638
1.01179135
0.95587724
0.97971559
0.97936386
1.00748706
0.96878445
0.99671376
1.00819910
0.98396289
0.99961168
1.01974118
0.99263632
0.99550474
1.02293122
0.97602737
1.00452816
1.02875555
0.97054243
0.98516649
0.96549261
0.99441183
0.96201783
1.00567865
0.96491385
1.03421474
1.06197596
0.97843218
1.00753701
0.98326254
1.00675571
0.96858549
1.01294863
1.01764894
1.02702188
1.02501428
1.01309919
1.01127410
0.98099822
1.01180434
0.99199462
1.01192331
1.04220319
0.99857014
1.00114572
0.99440545
1.00000560
0.97052574
0.91711497
1.02767181
1.00987482
1.00783277
1.02190757
1.03788733
0.93456727
0.97245705
0.99683261
0.99530804
0.93462449
0.95123506
1.04643393
0.98938185
1.00401139
0.99280787
1.01436377
1.01704621
1.03211212
0.96792293
1.00774240
1.02806115
1.02476978
1.02511644
0.93801039
1.04451942
0.99180031
1.04368341
1.02138257
0.98822671
1.02948606
0.98803228
1.05079222
1.01011395
0.98875493
0.97668481
0.98738903
0.96854663
1.02503395
1.01429629
0.99622315
1.01649129
0.94564760
0.97490895
1.04879332
1.00215209
1.00976896
0.96233565
1.03589594
0.95579171
