1.43727794e-01
4.93837819e-02
-1.96189508e-01
-2.99942549e-02
-1.32912070e-01
-6.99322224e-02
-9.10447538e-02
-2.27900937e-01
2.30556931e-02
5.87926665e-03
-2.89723799e-02
9.17599648e-02
-4.58116569e-02
-4.08337563e-02
-7.81568363e-02
-1.65559817e-02
9.41756219e-02
1.33827478e-01
-5.20716421e-02
-1.17632590e-01
8.71833116e-02
-6.97683021e-02
3.93273294e-05
3.52399424e-02
6.17095120e-02
-9.20646116e-02
-1.24990113e-01
-4.13217694e-02
-3.77815738e-02
-1.68261319e-01
1.89456083e-02
-1.89178437e-01
9.22521949e-02
-8.00810158e-02
-8.58991500e-03
1.24126799e-01
7.31544718e-02
5.05639240e-03
1.04926834e-02
-1.17329210e-01
-1.17968693e-01
-3.95145826e-02
-4.54628728e-02
-4.25893441e-02
1.26599818e-01
-3.98684368e-02
8.21271911e-02
5.37469015e-02
1.78270549e-01
3.07668019e-02
-4.52219658e-02
-1.46891475e-01
-1.10044748e-01
1.71967864e-01
1.66144982e-01
-1.01064667e-02
-2.93082297e-01
-1.06556803e-01
-5.08117490e-02
2.04191101e-03
6.23731762e-02
-1.06253408e-01
-1.79752856e-01
-5.67171574e-02
-5.85109517e-02
-8.20799991e-02
7.45558739e-02
9.88247097e-02
2.27186698e-02
-2.77487636e-02
4.01493572e-02
-2.89424025e-02
-9.15520126e-04
5.28375767e-02
4.63923849e-02
3.70057672e-02
5.21734469e-02
6.45392984e-02
8.24770331e-03
-1.62144750e-02
-1.00460127e-01
1.75167233e-01
-3.38781103e-02
6.57163635e-02
-7.48445615e-02
-1.46394983e-01
1.31030136e-03
-1.31572429e-02
-7.44182542e-02
-5.16783856e-02
6.44109845e-02
-8.19608942e-02
1.02036349e-01
-9.58750471e-02
3.66505086e-02
-4.70262133e-02
-8.93412754e-02
-5.50070405e-02
-1.92496330e-02
1.04068043e-02
-1.52492270e-01
-1.79134637e-01
2.61316933e-02
1.10314868e-01
8.01375732e-02
-5.41810021e-02
-6.43574148e-02
-9.65272337e-02
-3.28778662e-02
-1.28723513e-02
-1.31675974e-01
-8.86428431e-02
1.30678251e-01
1.71854272e-01
1.42008618e-01
-1.51584595e-01
-2.59919055e-02
1.14367874e-02
9.53745097e-02
1.74655803e-02
-5.36048692e-03
-2.73002405e-02
5.63065447e-02
-5.71689568e-02
1.10021345e-01
2.18228754e-02
8.60912651e-02
1.31865382e-01
2.38534994e-02
-6.34812191e-02
-1.20879328e-02
1.27806187e-01
-1.29845977e-01
-7.85204768e-02
-3.59631702e-02
1.60201285e-02
4.68831696e-02
1.24203600e-02
-9.60566327e-02
3.26322056e-02
-4.69796732e-02
-4.46198732e-02
1.52087614e-01
-4.82940599e-02
1.11439675e-01
7.22271055e-02
-3.65965031e-02
-1.28694251e-01
-1.55954398e-02
-4.55360785e-02
3.32196355e-02
-1.26912922e-01
-1.91844881e-01
6.64457232e-02
1.06749721e-02
1.02857009e-01
4.80158813e-03
-1.45246342e-01
3.27375233e-02
8.93967152e-02
-1.23940624e-01
1.20391086e-01
1.54701974e-02
-8.26666132e-02
-2.27369756e-01
-1.65952623e-01
-6.63462840e-03
5.36040105e-02
7.18814060e-02
-1.27288951e-02
1.85409524e-02
-1.08180530e-01
-7.71617144e-02
3.87214758e-02
-8.33262950e-02
9.32962820e-02
1.14749320e-01
-4.03363779e-02
7.84303024e-02
-9.69488993e-02
5.51664010e-02
3.28109227e-02
-1.25142887e-01
-3.41736265e-02
-1.52054071e-01
-1.29080921e-01
-1.47395447e-01
-9.75126252e-02
8.16770494e-02
1.05958603e-01
1.17777539e-02
4.87067886e-02
-7.62367621e-02
-1.57927293e-02
-5.53452633e-02
-5.82764000e-02
1.28671303e-01
1.29232928e-01
-7.35091045e-02
6.63397312e-02
1.35833502e-01
-5.50605543e-02
1.00745641e-01
-3.05880886e-02
-9.61118266e-02
5.32568246e-02
-5.00616543e-02
-4.80890162e-02
-1.10782981e-02
-9.90909338e-02
1.93805605e-01
1.23918153e-01
4.84463498e-02
1.74423724e-01
6.82461634e-02
5.28319627e-02
-3.32959704e-02
1.57385226e-02
1.77323833e-01
-1.32101208e-01
-6.10390306e-02
2.45086670e-01
-1.59278706e-01
9.98611748e-02
-4.54543605e-02
1.55002952e-01
-5.91435023e-02
1.07517779e-01
1.34442195e-01
1.35785028e-01
5.17312177e-02
5.60081899e-02
6.17285296e-02
-1.14081442e-01
-1.15786545e-01
-1.10754594e-01
1.91855714e-01
-8.72134790e-02
7.71684945e-02
-4.02038870e-03
-1.36117145e-01
-1.52743678e-03
-1.09003879e-01
1.08680800e-01
-2.67604273e-02
1.34065762e-01
9.78883207e-02
1.94682315e-01
1.83028489e-01
8.67141038e-02
2.67078262e-02
2.78456379e-02
5.91197237e-02
-5.12707122e-02
1.24366663e-01
1.33362547e-01
-1.07630350e-01
-5.67651242e-02
-9.98267718e-03
-1.10487528e-01
-4.88340370e-02
8.33433270e-02
4.01246548e-02
3.23208235e-02
1.28786871e-02
-1.37439102e-01
4.79994677e-02
1.58582136e-01
7.00979903e-02
8.34447816e-02
1.60457686e-01
7.76574835e-02
3.75608960e-03
6.07821681e-02
6.36239573e-02
-6.00396506e-02
-2.21482776e-02
-1.29717633e-01
-7.72630982e-03
-7.44440220e-03
-1.38403237e-01
-1.29186839e-01
4.10847105e-02
4.20380197e-02
-2.23518927e-02
1.07113600e-01
-1.60632860e-02
5.02448305e-02
-1.54449731e-01
7.15562701e-02
-8.32233652e-02
9.30990353e-02
4.93616350e-02
3.15820314e-02
1.45754978e-01
-1.47652775e-01
-8.31502900e-02
-1.06788762e-01
7.55202174e-02
-1.56573597e-02
-8.95699039e-02
3.14211138e-02
-2.16670316e-02
1.82026744e-01
1.47989631e-01
9.15385336e-02
3.60858701e-02
-4.34410907e-02
-4.45445403e-02
-6.94654211e-02
3.36824954e-02
-1.21161357e-01
-1.44275818e-02
4.18082587e-02
-4.55804318e-02
2.00793758e-01
1.98095351e-01
9.64306220e-02
1.08778896e-03
-6.39059246e-02
-1.13213502e-01
4.38187532e-02
1.50813997e-01
-1.61541283e-01
4.52083312e-02
5.29699260e-03
-4.67014983e-02
-7.43782371e-02
1.23337079e-02
8.64555836e-02
-6.67187646e-02
8.22292864e-02
-1.57025978e-01
1.35123134e-02
7.15036616e-02
-4.77380827e-02
5.85269928e-02
6.60224408e-02
1.77490979e-01
-4.90816608e-02
-1.15060143e-01
3.37860920e-02
-1.77480392e-02
3.32656577e-02
-1.17760524e-01
-6.93776757e-02
1.36074662e-01
2.76799733e-03
4.15525809e-02
4.79241880e-03
-4.31793369e-02
-7.46762985e-03
1.78367980e-02
-5.90868928e-02
4.87807207e-03
-9.12445635e-02
9.67877582e-02
-6.61170706e-02
-2.31603477e-02
-5.78803495e-02
-5.78280948e-02
4.35111858e-02
-1.68481581e-02
-1.52037233e-01
-7.10911071e-03
-1.34929925e-01
8.08743611e-02
5.55568002e-02
-5.19035123e-02
-1.27094779e-02
1.57996044e-01
-6.68934062e-02
4.74817231e-02
2.98032202e-02
-9.11442190e-02
-1.23055659e-01
-9.23500061e-02
7.46226832e-02
-8.95456448e-02
-5.74673377e-02
-7.29466677e-02
1.55923933e-01
-2.78905313e-02
-8.83530229e-02
-9.99804661e-02
3.98821421e-02
-7.20803589e-02
-4.70433310e-02
-7.72430077e-02
1.05791882e-01
-1.24976590e-01
-9.11110081e-03
-9.31521803e-02
-4.01717518e-03
-1.09961383e-01
8.52342620e-02
5.26244529e-02
-5.15292473e-02
-9.92460325e-02
9.36723053e-02
3.09235677e-02
-1.90813970e-02
1.81103140e-01
-4.79534119e-02
-9.08110067e-02
7.74019435e-02
9.98153389e-02
-7.63926879e-02
-1.00802615e-01
1.21996000e-01
6.61116168e-02
-9.86892078e-03
-9.15264189e-02
9.92515087e-02
-3.54064889e-02
2.94692516e-02
-1.32788524e-01
-8.16585571e-02
-1.22778893e-01
-6.09661788e-02
-3.74565907e-02
1.52458042e-01
1.33119985e-01
8.51051509e-03
2.20177155e-02
7.05441311e-02
9.79839787e-02
2.79852897e-02
8.12384263e-02
1.93588026e-02
-7.15337843e-02
9.72281247e-02
-5.70732541e-02
7.64331296e-02
-1.07272834e-01
9.50571746e-02
-7.47579113e-02
-8.80183354e-02
-2.06035450e-02
-2.09629238e-02
-5.20588048e-02
8.36999193e-02
-3.47702764e-02
5.67355454e-02
1.11326821e-01
2.86851432e-02
1.02806546e-01
3.77122429e-03
6.29823729e-02
-5.34788035e-02
1.60143953e-02
-7.98011348e-02
8.43915120e-02
4.23374400e-02
-9.18684080e-02
-4.05633785e-02
-8.68497938e-02
-7.62436539e-02
-1.02727480e-01
-4.47453111e-02
-1.58828437e-01
-8.69396627e-02
-1.03730850e-01
-2.08628118e-01
1.36648327e-01
3.11281662e-02
-4.64286432e-02
6.04883395e-02
-7.34047890e-02
5.30229472e-02
7.39397109e-03
-2.90151988e-03
1.66710261e-02
2.88772956e-03
6.35216534e-02
2.41065514e-03
-1.06840923e-01
1.39550194e-01
-8.97877738e-02
1.28262982e-01
-2.81304400e-02
5.47112487e-02
3.47493775e-02
-5.68155311e-02
-6.37052804e-02
-1.12083636e-01
3.38894278e-02
1.34460062e-01
6.49095178e-02
-3.58619504e-02
1.49380848e-01
6.90008998e-02
1.84878841e-01
-1.49005270e-02
1.10501789e-01
6.77845627e-02
-2.99003068e-02
2.70918161e-02
9.66335833e-02
-4.52560298e-02
1.49901822e-01
-4.50128131e-02
1.05230883e-01
-1.24738269e-01
-6.36686309e-05
1.38825402e-01
5.18545583e-02
8.84944126e-02
9.20271799e-02
-6.44533709e-02
1.04452491e-01
-6.21195398e-02
6.50942624e-02
5.68939894e-02
-2.09616467e-01
5.62285110e-02
-1.55472293e-01
-1.64773002e-01
6.93931505e-02
-2.32538670e-01
-1.28078371e-01
1.95928495e-02
-5.24037890e-02
-9.33140889e-03
2.88299769e-01
-5.52411266e-02
-1.26197124e-02
-5.50338142e-02
-1.15264855e-01
-4.70471457e-02
-1.53805837e-01
1.62431538e-01
1.95679829e-01
-5.21543659e-02
-2.06893429e-01
-3.12555321e-02
1.42701846e-02
1.06362430e-02
-9.40519795e-02
4.82442416e-02
2.98139527e-02
-1.04163341e-01
1.14140332e-01
-2.19392374e-01
5.05528674e-02
-3.12175369e-03
2.11426049e-01
3.03833634e-02
6.57673627e-02
-1.78077534e-01
-1.23287387e-01
-7.31429160e-02
-1.95569247e-02
-3.49679478e-02
-1.73390016e-01
2.09675118e-01
4.72274311e-02
9.36908647e-02
-1.53734997e-01
-2.35176235e-02
1.31884784e-01
-6.90137893e-02
8.40777382e-02
-1.66357532e-01
-4.43255790e-02
-6.52364269e-02
-7.71000907e-02
2.24317566e-01
-4.93700728e-02
-2.17214301e-01
-6.85637370e-02
8.50574896e-02
9.29119810e-02
9.41334292e-02
-3.74359488e-02
5.37833199e-02
-1.60104543e-01
-8.71343613e-02
1.28986806e-01
4.61507030e-02
5.15695587e-02
5.23092411e-02
1.41068429e-01
1.67412385e-02
1.15318291e-01
1.10769041e-01
7.36640207e-03
-7.59555250e-02
-1.39398456e-01
1.24876022e-01
8.49397257e-02
-1.48909748e-01
1.75477583e-02
7.55897984e-02
-5.95101081e-02
-1.85797572e-01
-5.98352328e-02
-6.94368081e-03
1.77420989e-01
1.25820667e-01
-1.11824162e-01
8.03614128e-03
1.60997018e-01
-1.73869729e-01
-9.04646069e-02
-3.23293507e-02
8.58498216e-02
8.68428722e-02
2.87190825e-02
-1.13305055e-01
-1.27612920e-02
-1.97502956e-01
-1.26180679e-01
-1.00021221e-01
1.91481367e-01
1.28662214e-01
-2.60253530e-03
-3.84546071e-02
1.07136093e-01
-4.48578373e-02
2.91911922e-02
5.41962907e-02
1.14791937e-01
1.66588098e-01
1.17148973e-01
2.65441891e-02
1.41652822e-01
2.57452275e-03
-1.76416531e-01
-2.87376225e-01
-2.87294611e-02
-1.71495587e-01
1.68476477e-02
7.22536892e-02
1.27330884e-01
-9.80861410e-02
1.04585774e-02
-9.72875729e-02
1.40044585e-01
1.90062493e-01
2.14678161e-02
-4.92770672e-02
-1.16518557e-01
-8.00298750e-02
-3.81823219e-02
-1.39915168e-01
5.04291558e-04
8.90894234e-02
-9.12786871e-02
-1.33123651e-01
-1.33454949e-01
9.06626508e-02
-5.39837070e-02
3.31426300e-02
7.00642765e-02
-1.28415406e-01
1.14950418e-01
-8.27865377e-02
1.25902593e-01
1.14081174e-01
7.57573247e-02
1.02600651e-02
-4.15762961e-02
3.31067503e-03
6.57687783e-02
-1.99053347e-01
-7.90992007e-02
-2.83278562e-02
9.40650105e-02
9.17592943e-02
-4.32869531e-02
-1.63847059e-02
-8.63056257e-03
1.22797079e-01
-1.92401350e-01
3.52599099e-02
-1.16402611e-01
8.60728770e-02
-9.46012437e-02
-1.80966854e-01
1.08194388e-01
-6.68290108e-02
9.05196741e-02
-5.48741631e-02
1.14095144e-01
-1.25824228e-01
3.22277285e-02
1.15576945e-02
-6.45241793e-03
-3.15145515e-02
-7.24769831e-02
-6.46583214e-02
4.16261367e-02
1.31176531e-01
1.48796201e-01
-1.56558380e-02
3.88248861e-02
1.02796994e-01
9.43364277e-02
5.75592220e-02
-1.76348481e-02
9.25073028e-02
1.71319917e-01
-3.42793539e-02
4.43800017e-02
-6.61690608e-02
-1.03697985e-01
4.01262157e-02
2.98004132e-02
4.98956926e-02
-3.46305370e-02
6.20134547e-02
-1.24027260e-01
-1.37031868e-01
-8.59350711e-02
1.46742657e-01
5.04351445e-02
-1.38782710e-01
-5.11587299e-02
7.50305727e-02
-1.44780546e-01
-4.77341823e-02
1.06514692e-01
5.19204102e-02
-8.49530026e-02
7.67351910e-02
-6.99615553e-02
6.66113123e-02
-1.91026539e-01
1.57529250e-01
-1.16840343e-03
1.42988190e-01
8.08936581e-02
3.84643264e-02
-4.83060703e-02
-1.34457394e-01
-5.00592366e-02
2.94336490e-02
1.14620097e-01
5.76177984e-03
-8.98932889e-02
-6.69387504e-02
6.40302002e-02
-1.90823209e-02
-5.83472215e-02
-7.99961388e-02
-4.65422310e-02
7.80930277e-03
-1.17482483e-01
1.64390430e-01
-4.77180220e-02
1.04767986e-01
8.46825168e-02
5.21235429e-02
7.63896108e-02
-3.23761553e-02
3.08138188e-02
-1.30189747e-01
2.67608594e-02
-8.65595043e-02
-3.05553488e-02
7.60182962e-02
-7.47921467e-02
-6.76235706e-02
1.74110204e-01
1.68688208e-01
-1.43773090e-02
-1.06691964e-01
-3.97715122e-02
3.97957563e-02
9.32569802e-02
1.85290538e-02
1.01260327e-01
9.80855078e-02
-1.84240669e-01
4.22962792e-02
6.12184666e-02
-5.06640896e-02
-5.65942973e-02
-5.86834028e-02
-1.18005071e-02
1.24644646e-02
-1.12820819e-01
8.71932972e-03
-1.01349816e-01
2.15105060e-02
1.49383828e-01
2.33250931e-02
3.56258340e-02
-3.96658629e-02
-1.44594714e-01
1.27827644e-01
1.07360058e-01
-2.13240497e-02
-9.76332426e-02
-5.87212928e-02
5.24174888e-03
7.31258616e-02
-1.18921809e-01
2.20982488e-02
-6.80817813e-02
-1.38220396e-02
1.50247052e-01
8.66840221e-03
2.90104542e-02
1.21979237e-01
-7.58877695e-02
3.88906337e-02
-1.52609628e-02
-1.27325520e-01
-1.12515822e-01
1.26181887e-02
1.93692222e-01
-5.63990884e-02
-2.00356226e-02
-7.68158287e-02
-1.50109127e-01
-2.11733237e-01
-1.62266508e-01
1.15848884e-01
-4.27994244e-02
1.69225961e-01
7.82691129e-03
1.54479459e-01
1.09599523e-01
1.64201647e-01
3.75219397e-02
-1.74112488e-02
8.18926394e-02
-2.57433113e-02
4.79406565e-02
-5.08779846e-02
-1.05531678e-01
2.33928226e-02
7.39446953e-02
-7.73170143e-02
1.03005290e-01
1.46277159e-01
5.05458526e-02
1.91839114e-02
2.10063737e-02
1.16212845e-01
7.45218024e-02
-1.05095558e-01
8.05450752e-02
-1.52428458e-02
8.08071792e-02
-7.72403926e-02
-2.52938680e-02
3.38328592e-02
1.78356811e-01
-4.47540432e-02
-1.20309472e-01
-1.26405284e-02
-4.08421196e-02
1.36917025e-01
1.40955597e-01
1.59753770e-01
-4.51501682e-02
-4.54992689e-02
2.73170024e-02
-7.34264106e-02
-8.75142496e-03
-9.83413234e-02
9.91369635e-02
1.25299841e-02
-9.92651731e-02
1.62060726e-02
1.34276599e-01
-7.95419738e-02
-7.82591924e-02
-5.20015396e-02
9.01117921e-02
-8.42127576e-03
3.57486494e-02
4.99244891e-02
-6.39829561e-02
-7.59650320e-02
7.90424049e-02
1.13363467e-01
-4.04468440e-02
-1.46547318e-01
-2.17725653e-02
1.16859123e-01
9.12760794e-02
8.89658704e-02
-2.40756925e-02
-1.00088835e-01
-9.29565635e-03
8.00621361e-02
-4.26164828e-02
1.99369304e-02
-3.94897126e-02
-1.15051717e-01
2.74411310e-02
6.50974438e-02
-9.03079007e-03
1.11468084e-01
-4.86386083e-02
1.69586435e-01
-1.34895951e-01
-3.90708633e-02
2.35495474e-02
-5.88216707e-02
-2.32571196e-02
-7.32414871e-02
2.88372561e-02
1.15585588e-01
-6.42920062e-02
-9.44202840e-02
8.93058181e-02
7.02497959e-02
1.30960852e-01
-2.21252088e-02
-6.93021640e-02
-7.06816316e-02
8.59990492e-02
1.12349056e-01
-1.31420791e-01
-9.26147923e-02
-1.29464120e-01
8.24842677e-02
2.65997779e-02
8.89461040e-02
9.78525504e-02
-6.09970093e-02
2.96321660e-02
1.90802459e-02
-5.38472161e-02
3.59298922e-02
3.20462994e-02
4.47710566e-02
-1.12802640e-01
1.52410781e-02
5.04976250e-02
-4.86575216e-02
-9.46552306e-02
2.64350958e-02
-3.52245979e-02
1.17760286e-01
-7.29498565e-02
-5.24420068e-02
-3.72707024e-02
1.12481460e-01
4.02237959e-02
1.63331032e-01
1.09090693e-01
-2.22226962e-01
-1.12356044e-01
-1.35625318e-01
6.26375154e-02
-1.43547371e-01
-1.75865050e-02
-9.92266387e-02
-3.92807797e-02
6.44647852e-02
-1.95457879e-02
-1.17219225e-01
9.87970755e-02
1.55775547e-01
-1.15604877e-01
8.23963508e-02
-1.09740555e-01
1.01499900e-01
-1.68366879e-02
-2.22576130e-02
-1.00046456e-01
4.45841327e-02
9.69996229e-02
1.43593857e-02
3.72401513e-02
5.25636561e-02
-1.52506866e-02
-5.37970848e-02
1.53706595e-01
2.12679766e-02
-6.79123625e-02
9.29383337e-02
-3.33119482e-02
-5.49528077e-02
1.04783028e-02
-1.00250199e-01
2.10694596e-01
-1.81900635e-01
-1.16481557e-02
1.48363924e-02
-4.71830666e-02
1.02686629e-01
3.39466035e-02
-1.50951251e-01
5.03383428e-02
9.77672823e-03
-3.30364308e-03
-1.65659666e-01
-9.34267268e-02
-1.48174673e-01
-1.80397443e-02
8.61852989e-02
1.73403144e-01
-2.92078480e-02
1.69975400e-01
5.30711450e-02
1.50012225e-01
1.33928359e-01
-1.05789162e-01
-1.95918698e-02
1.83012366e-01
-6.77688718e-02
1.10404119e-01
1.82657242e-02
9.48698297e-02
1.96256470e-02
-2.03156680e-01
-2.62341499e-01
-1.17235027e-01
5.88792972e-02
4.15091850e-02
-4.92025018e-02
8.62168893e-02
-8.25344697e-02
-7.92324319e-02
-2.69992221e-02
1.11072913e-01
-1.39467791e-01
-9.01709944e-02
-7.79385790e-02
-1.12375453e-01
1.30043015e-01
7.29399617e-04
-2.06820597e-03
-6.04951717e-02
7.18402192e-02
-1.15506351e-01
1.12227090e-01
-1.36114642e-01
6.59896359e-02
1.17888503e-01
-1.08980156e-01
2.69955099e-02
3.69375348e-02
5.65201156e-02
-1.29928663e-01
8.93952250e-02
6.36854395e-02
6.22400977e-02
9.60804522e-02
-4.54148464e-02
1.30678445e-01
3.04714274e-02
6.98887929e-02
-1.52718961e-01
-1.52650420e-02
3.06150932e-02
8.63576084e-02
4.66722213e-02
-1.38124470e-02
-4.89602163e-02
8.61196294e-02
7.66351297e-02
1.54266015e-01
4.69347797e-02
-6.79129362e-02
-2.11558323e-02
-8.77684206e-02
-1.21747255e-01
-8.78714621e-02
-1.40018702e-01
1.29146919e-01
-8.44772980e-02
1.13005042e-02
-3.60089131e-02
1.36315614e-01
-5.58274314e-02
9.15726349e-02
5.26865236e-02
5.24817326e-04
-3.05599421e-02
1.32207915e-01
1.02238961e-01
-1.35540282e-02
-9.25294533e-02
8.77143145e-02
-1.65876552e-01
-7.10887741e-03
1.25034511e-01
-7.67608881e-02
9.71932188e-02
-4.54994552e-02
3.13116796e-02
4.60997783e-03
3.53796072e-02
1.26408309e-01
4.35644388e-02
4.77931537e-02
7.46011883e-02
1.10295072e-01
7.75519162e-02
1.06367216e-01
7.69298449e-02
1.28753513e-01
1.22149631e-01
5.39916083e-02
6.31258786e-02
-2.54781283e-02
2.10839845e-02
-7.71265700e-02
-1.60081238e-01
-6.30874187e-02
-6.05708584e-02
-1.32472724e-01
-7.63424039e-02
-5.80146385e-04
7.52267092e-02
-1.09698042e-01
7.30728135e-02
-1.74768399e-02
3.41597199e-02
-5.64822592e-02
-1.12724854e-02
-5.87854646e-02
-4.61916300e-03
2.62401588e-02
4.17012051e-02
-1.01182930e-01
5.62405474e-02
-7.94023573e-02
-2.34560128e-02
1.47997603e-01
-2.84742638e-02
1.33710846e-01
-1.14281483e-01
4.84421477e-02
5.49111329e-02
1.21471696e-01
-1.07438751e-01
-2.32189540e-02
-2.59708539e-02
5.61437197e-02
-6.96805343e-02
-1.17191337e-01
-3.83023918e-02
-7.66209513e-02
-1.09657831e-01
6.04890985e-04
8.59791338e-02
-1.09444186e-02
-6.59872666e-02
-6.81341588e-02
8.65218490e-02
-3.66380289e-02
-1.12493053e-01
3.33236642e-02
-1.09537616e-01
9.00017843e-03
1.38747483e-01
-9.09325406e-02
1.64432004e-01
1.67457804e-01
-2.11251639e-02
-3.89020704e-02
1.51887521e-01
-1.13231651e-01
6.52934685e-02
-4.74202856e-02
3.78355500e-03
9.91861299e-02
2.26750195e-01
4.94101830e-02
1.29810944e-01
-8.61302167e-02
3.60306492e-03
-1.07345954e-01
-3.23519520e-02
-7.83405900e-02
-5.11975102e-02
1.07405312e-01
-6.56379685e-02
-1.54334260e-02
9.65495780e-03
-1.84700876e-01
-5.61166219e-02
6.22076057e-02
4.54189852e-02
9.00870860e-02
-3.48292179e-02
4.89789173e-02
8.27131048e-02
1.09959720e-02
2.52671782e-02
-3.90692838e-02
-1.31976843e-01
7.57606700e-02
5.85138761e-02
1.41974390e-01
-2.70797368e-02
-1.83942005e-01
2.54927557e-02
1.63108766e-01
-1.58768013e-01
1.34078175e-01
-7.24611357e-02
9.72536057e-02
-1.08599342e-01
8.85323063e-02
8.59386846e-02
-3.42409834e-02
9.45829749e-02
3.73986438e-02
-3.77543233e-02
-8.21891613e-03
5.22539094e-02
1.14701830e-01
5.81644922e-02
-3.22193839e-02
1.38442039e-01
2.29964349e-02
1.20860621e-01
-5.57160657e-03
-6.39739335e-02
-8.97349268e-02
2.18002442e-02
-2.47072075e-02
-1.35671288e-01
-3.67192142e-02
-9.29261893e-02
8.09768289e-02
-1.26624405e-01
-9.52510312e-02
8.89850706e-02
-2.05018651e-02
-1.26515944e-02
4.78576310e-02
-1.17464177e-01
-6.84849471e-02
6.20083362e-02
-1.04681067e-02
-5.16705848e-02
-1.22026213e-01
-1.98333979e-01
-1.23116203e-01
-1.59198251e-02
1.52052909e-01
-6.12093741e-03
3.13781910e-02
4.62875105e-02
4.81625907e-02
-7.90809169e-02
2.24096403e-02
-4.64534163e-02
-5.37621900e-02
2.63501912e-01
7.44682848e-02
1.92040399e-01
-5.77535555e-02
1.33723402e-02
6.31250367e-02
8.36120248e-02
1.18760750e-01
5.65408692e-02
-9.40557756e-03
6.00579791e-02
-9.20034945e-02
-4.31291610e-02
-8.24082568e-02
-1.93516031e-01
-1.90489635e-01
-4.96168323e-02
1.57587066e-01
1.72361225e-01
1.90516606e-01
5.87620102e-02
1.54329449e-01
2.48791389e-02
8.69055241e-02
-1.18502676e-01
1.07126348e-01
9.00279582e-02
-1.88648745e-01
-1.57630563e-01
-7.43722776e-03
-2.52628159e-02
-8.83595422e-02
1.64357394e-01
-3.90253961e-02
2.16291472e-01
9.50744972e-02
1.26887053e-01
-8.40288401e-02
9.53984782e-02
1.12597216e-02
7.57880732e-02
7.72931203e-02
2.29992922e-02
2.28900120e-01
1.25494108e-01
-1.02946572e-01
9.15089548e-02
-1.89132586e-01
6.32848889e-02
2.78810970e-04
-2.38796979e-01
-6.05904423e-02
-3.41657884e-02
1.99668035e-01
1.85698923e-03
-6.95595592e-02
2.14049459e-01
-1.92277268e-01
-1.43343553e-01
4.38167043e-02
1.92543175e-02
1.27449781e-01
1.36210024e-01
-1.05843209e-01
-7.17661679e-02
1.48331925e-01
1.77228361e-01
4.16931883e-03
3.03351711e-02
1.38589203e-01
-3.09298579e-02
-1.36335135e-01
-9.43635777e-03
-9.18471366e-02
8.21042731e-02
-8.35467130e-02
-1.23124465e-01
1.44894019e-01
-8.59759748e-02
8.36054534e-02
1.50754318e-01
1.29500896e-01
2.15399981e-01
6.15213662e-02
1.32377461e-01
-5.05751260e-02
1.79165259e-01
1.42164066e-01
8.57901573e-02
-1.16033787e-02
4.38780487e-02
2.51984876e-02
2.18490615e-01
8.96236300e-02
-8.75184909e-02
4.17758897e-02
-1.24031655e-01
2.64087975e-01
-8.92229527e-02
-2.63031691e-01
-5.91105316e-03
-1.62399396e-01
-1.74825504e-01
-1.51075736e-01
-1.10175267e-01
5.12804985e-02
-2.89605185e-02
-2.50128537e-01
7.27395117e-02
2.99015604e-02
-2.63829321e-01
2.36054406e-01
-1.02141365e-01
9.19998251e-03
2.71375388e-01
9.16361064e-02
-9.48286057e-02
-2.89928503e-02
-1.22955203e-01
4.02060077e-02
-1.52357578e-01
-2.07104832e-02
1.14123918e-01
-4.87409011e-02
-3.98507230e-02
-9.65187103e-02
1.35516385e-02
1.39210060e-01
1.05851896e-01
7.75640011e-02
-1.01010464e-01
1.53918238e-02
-5.44752441e-02
-6.10876232e-02
-8.99735764e-02
-8.35256593e-04
8.42955932e-02
2.84314286e-02
-2.46426370e-03
-5.03080385e-03
-2.07377039e-02
5.91921546e-02
1.31171182e-01
2.25699749e-02
4.11566868e-02
8.69638696e-02
-1.13238685e-01
-1.36992157e-01
6.34532645e-02
5.15426062e-02
-2.20392212e-01
5.49277589e-02
-1.39227211e-01
-1.47614360e-01
6.01893514e-02
1.47654980e-01
1.33496365e-02
5.56091294e-02
1.49266824e-01
4.00839560e-02
-8.72458890e-02
3.30188312e-02
-9.36103761e-02
-1.56092659e-01
1.37803033e-01
-1.56320408e-01
-4.87041324e-02
7.33887330e-02
-7.30143785e-02
1.35435477e-01
-5.52749597e-02
2.43481696e-02
-3.80880795e-02
-6.53372779e-02
1.07889496e-01
-7.72091001e-02
9.99409799e-03
-1.89103305e-01
-3.10050361e-02
8.64670798e-02
-4.82320338e-02
1.09988712e-01
-5.74409030e-02
2.15226844e-01
-5.30096591e-02
-4.35048454e-02
-2.55548302e-02
-2.06460077e-02
6.31507337e-02
-1.21295206e-01
8.22893605e-02
-1.89566817e-02
-1.15577087e-01
1.49367243e-01
-1.85994327e-01
3.60891074e-02
1.54907964e-02
-9.20954421e-02
-2.84986366e-02
-1.03421941e-01
-7.28304833e-02
3.65490317e-02
-2.30389997e-01
-1.11968428e-01
-1.98999792e-01
4.01124125e-04
-6.08318225e-02
-1.59420177e-01
1.71155155e-01
-4.89845797e-02
-5.24194799e-02
-1.46066725e-01
-3.49646546e-02
-1.80674508e-01
-2.23933816e-01
-2.01859087e-01
3.73586416e-02
-8.47623870e-02
-7.39252493e-02
-1.09239101e-01
-6.27019033e-02
1.36027902e-01
-3.34909968e-02
-4.21449430e-02
-8.85142852e-03
7.10092708e-02
-2.40414124e-03
8.93687829e-02
1.34584635e-01
-6.60685003e-02
-2.89442651e-02
-9.84424949e-02
7.93941393e-02
7.06341788e-02
-4.04346809e-02
1.10081457e-01
-6.29328862e-02
-9.48237255e-02
2.88050082e-02
-8.88574570e-02
-5.84199391e-02
-1.42723426e-01
6.81704432e-02
-1.47027895e-01
2.29658503e-02
-1.25561386e-01
9.14018750e-02
-2.17011431e-03
-2.34781653e-02
-1.04537353e-01
8.12557414e-02
-5.60771264e-02
-1.10084012e-01
9.56127197e-02
5.82891423e-03
5.30227274e-02
6.35642335e-02
-4.96683046e-02
-1.65175796e-01
-2.00157404e-01
-6.01853542e-02
-5.14535531e-02
-5.72895333e-02
1.07017204e-01
5.15415519e-03
-1.33832723e-01
-7.09512457e-02
-6.72658086e-02
1.06965117e-01
-5.52497059e-02
1.39935747e-01
1.67729691e-01
-4.42158170e-02
-9.81962755e-02
-1.56986982e-01
-2.61130966e-02
-1.42450601e-01
-1.27269970e-02
2.68846024e-02
-3.71879265e-02
-9.04138535e-02
-1.33309707e-01
9.49533582e-02
1.15293860e-01
3.44078876e-02
4.59642410e-02
2.10090484e-02
2.19229143e-02
1.76825300e-01
-4.44643684e-02
-1.80678070e-02
1.04206763e-01
-1.11091137e-01
1.18140727e-01
8.62441584e-02
9.18549746e-02
-6.41348492e-03
-1.50238559e-01
-6.99604601e-02
9.68464687e-02
-1.32391766e-01
-3.79107744e-02
-1.23625487e-01
-1.85278337e-02
1.70961544e-01
9.38274413e-02
1.86602911e-03
1.34715065e-01
7.06522167e-02
9.06361565e-02
1.17011830e-01
1.25920087e-01
9.88908783e-02
6.18295837e-03
-2.10527573e-02
-4.57029492e-02
2.93875001e-02
1.23547040e-01
-6.85085878e-02
-5.36463670e-02
4.77784164e-02
-2.39881054e-02
4.49264795e-02
1.82297558e-01
7.86315724e-02
-6.70890659e-02
-1.11571670e-01
-9.40139815e-02
1.62305847e-01
1.11681968e-01
1.06819421e-01
9.26611051e-02
1.53499946e-01
1.23554520e-01
-7.82951899e-03
-1.53801113e-01
1.68981329e-01
-3.03497184e-02
5.82287014e-02
-1.30725369e-01
1.07611474e-02
-2.06989348e-01
3.77421789e-02
1.52147012e-02
9.04313326e-02
7.76002929e-02
-4.83063888e-03
3.41421068e-02
1.46391451e-01
1.29160672e-01
-5.42431585e-02
8.96532014e-02
-1.01089142e-01
1.76185429e-01
-5.27931824e-02
-1.95240369e-03
-2.97011901e-02
6.34343550e-02
-8.17464218e-02
1.42835811e-01
6.23472035e-03
1.12577997e-01
1.27390906e-01
6.81375787e-02
-1.64138481e-01
-1.99092150e-01
1.40816346e-01
9.50870384e-03
-2.86968648e-02
8.74574184e-02
1.21474311e-01
3.01253591e-02
1.43259475e-02
-6.57462180e-02
4.64680493e-02
-5.72423870e-03
-8.20624977e-02
-1.46079566e-02
-1.20849691e-01
4.09312174e-02
2.17706561e-02
4.57713269e-02
-1.19819269e-01
5.97204231e-02
9.04531553e-02
-1.20204821e-01
-9.46312845e-02
8.46341997e-02
1.27488986e-01
1.30698696e-01
5.29047623e-02
-2.05526501e-02
-3.67938913e-02
9.34479982e-02
-3.55091207e-02
-2.14619152e-02
-1.12182386e-01
-4.04575421e-03
1.60133600e-01
3.54114845e-02
-5.95472455e-02
3.68644968e-02
8.71730000e-02
-7.67959142e-03
-6.39343932e-02
-3.90571617e-02
6.34696856e-02
4.57680710e-02
6.12815022e-02
-9.73312035e-02
-4.06821407e-02
8.81769508e-02
5.65272421e-02
7.95776322e-02
-1.23204485e-01
-1.36358991e-01
4.01152186e-02
4.92127240e-02
3.22394595e-02
1.87815037e-02
4.27788422e-02
-9.20839235e-02
-1.10071212e-01
-2.41945796e-02
1.55314784e-02
8.45565125e-02
4.40624431e-02
2.07803041e-01
-1.42955557e-01
-1.58754885e-01
-7.37832859e-02
-7.48377517e-02
9.74829644e-02
-4.34252694e-02
-7.34763294e-02
-5.72567922e-04
-7.23301768e-02
9.79637206e-02
-3.40393856e-02
-7.22293779e-02
6.11751154e-02
-1.25521749e-01
-1.04212880e-01
7.58863762e-02
4.59251106e-02
1.22629739e-01
8.35118908e-03
-9.21703056e-02
-1.64932668e-01
7.67416358e-02
7.58208707e-02
5.10237254e-02
4.69362140e-02
-1.62696868e-01
-1.37253687e-01
-1.44029528e-01
9.52708200e-02
-1.68845803e-02
1.86194524e-01
-1.09116033e-01
6.89508319e-02
-1.00251017e-02
7.99262151e-02
1.12557851e-01
3.95624638e-02
-1.44877657e-02
-1.58905108e-02
-3.23837958e-02
2.54663248e-02
-1.76212281e-01
1.29345343e-01
2.46216264e-02
1.36900321e-01
3.68284658e-02
-6.49242178e-02
1.37046769e-01
1.28851369e-01
2.16156721e-01
-9.09142047e-02
-4.26574461e-02
-1.08550906e-01
1.15193844e-01
2.92811170e-02
1.38560319e-02
-1.86680406e-02
8.84659365e-02
-5.29341921e-02
1.45773709e-01
-1.01171277e-01
-1.06068283e-01
4.10569534e-02
1.18067250e-01
-9.06008016e-03
-2.57370528e-02
1.53966859e-01
5.67826368e-02
-3.68559547e-02
-4.07317616e-02
2.93297786e-02
-1.33608162e-01
6.71391636e-02
-2.78046895e-02
7.52017498e-02
-2.11924836e-01
6.93575963e-02
-1.67388469e-02
1.11694910e-01
1.07125640e-01
-1.46531433e-01
1.57985594e-02
2.01171753e-03
7.61314407e-02
-7.19607547e-02
-8.70264545e-02
-9.31502208e-02
-1.03466861e-01
-6.88895136e-02
8.32128525e-02
-3.15169309e-04
7.78648257e-02
5.58551587e-02
9.63889509e-02
-6.63755694e-04
1.07654247e-04
2.23417863e-01
-1.15964450e-01
-9.22651738e-02
-9.04952511e-02
1.29701987e-01
1.08196035e-01
-1.19399644e-01
6.61686808e-02
-1.96848512e-02
-5.38430503e-03
-1.02943219e-01
-8.04755464e-02
-2.96623483e-02
-1.15050972e-01
-3.37632634e-02
1.59966156e-01
9.50790495e-02
-4.66707945e-02
-7.99424872e-02
-1.34625867e-01
-3.71514075e-02
1.24043271e-01
8.54852423e-03
-4.23900373e-02
-4.81706858e-02
1.60938516e-01
-1.15764186e-01
-7.77671039e-02
9.75190625e-02
-4.97024469e-02
-7.76679516e-02
-6.11749990e-03
4.51450162e-02
-1.44845650e-01
-3.05897556e-03
1.01650007e-01
8.01195800e-02
-6.82304278e-02
5.43574542e-02
1.40861779e-01
-7.44459555e-02
-1.13301769e-01
-8.19359347e-03
-3.49193998e-02
8.71123001e-02
-1.06352784e-01
-1.10826150e-01
-2.13494617e-02
-7.26986071e-03
-5.98865151e-02
-1.05095498e-01
-1.32232741e-03
-1.03990853e-01
3.51871327e-02
1.14186637e-01
4.89280783e-02
-1.52111217e-01
-7.60337636e-02
-6.44296184e-02
9.55043659e-02
-3.34745049e-02
3.53776366e-02
4.75344546e-02
1.16838798e-01
1.20535009e-02
5.41992858e-02
9.78065133e-02
-2.21534576e-02
4.86282334e-02
4.62904461e-02
-5.18863695e-03
-3.91027145e-02
1.06358074e-01
-1.21160354e-02
7.00705871e-02
-1.12594560e-01
5.12199327e-02
8.86441320e-02
-9.15456712e-02
1.23043703e-02
1.55766994e-01
5.33173829e-02
1.87323123e-01
-1.23057507e-01
-8.49463195e-02
-3.97303738e-02
-5.28483279e-02
1.08504958e-01
6.51791468e-02
-3.32207195e-02
1.00832380e-01
1.04355775e-01
-4.83936556e-02
-1.16030298e-01
-5.81705337e-03
-8.14106166e-02
-1.15823343e-01
9.78942439e-02
1.01283453e-01
-4.84976359e-02
-1.69065043e-01
-7.64448047e-02
4.79732752e-02
-7.67726824e-02
5.69352298e-04
5.02055064e-02
1.01008251e-01
1.13013566e-01
-1.18701220e-01
1.19855694e-01
-1.62065718e-02
7.72996023e-02
-1.76839367e-01
-3.86386141e-02
1.71023026e-01
2.87226494e-02
9.94486883e-02
1.14513069e-01
1.18719175e-01
8.71222168e-02
9.95764062e-02
-6.32796735e-02
-9.80909243e-02
8.01648945e-03
-4.65220995e-02
-5.20836525e-02
-1.12999521e-01
-5.57200350e-02
-7.08866492e-02
-6.68373555e-02
3.77769917e-02
1.73897415e-01
-1.44500688e-01
-1.35285556e-01
-7.42409974e-02
6.08135648e-02
-1.65098794e-02
-5.14500514e-02
8.83314386e-02
8.77544731e-02
-5.68771586e-02
-7.69881681e-02
5.03595173e-02
-4.99121621e-02
-9.42810699e-02
9.01919529e-02
2.31225148e-01
-8.11232999e-02
-1.51068211e-01
-1.12349138e-01
3.92668396e-02
-1.60405710e-01
-9.10517573e-02
-7.23004993e-03
1.97888240e-02
-1.18966103e-01
-5.00930361e-02
4.01671603e-02
2.18543503e-03
8.32025632e-02
-1.54973745e-01
-9.72334519e-02
-1.24891967e-01
3.72003987e-02
-5.11776954e-02
2.84741133e-01
-6.72408789e-02
7.44356588e-02
6.45684227e-02
6.46368638e-02
-1.42582571e-02
1.38795823e-01
1.56360101e-02
7.61030689e-02
-1.68084458e-01
7.26729482e-02
-3.06725167e-02
-1.58842534e-01
4.46406007e-02
1.64286494e-01
-8.33824202e-02
7.94226676e-02
2.43607014e-01
-2.54464615e-02
-1.71954297e-02
-3.77019346e-02
-6.09803805e-03
-1.37304589e-01
-3.45740505e-02
3.11827287e-02
4.64281021e-03
6.97513521e-02
-6.52089622e-03
-2.63548177e-02
-9.68094915e-02
-2.50843763e-02
3.27330977e-02
7.61400238e-02
8.41399357e-02
1.17960915e-01
6.08179606e-02
1.57138124e-01
3.11526228e-02
6.57660365e-02
-4.73760860e-03
-1.15272239e-01
7.01933056e-02
1.35177925e-01
-7.96019286e-02
-2.68572215e-02
-9.95350778e-02
-1.77194010e-02
1.46547407e-01
4.20283899e-02
1.25578448e-01
1.10527128e-01
-7.77449608e-02
6.14093952e-02
9.82849002e-02
4.73314561e-02
2.89844302e-03
-1.34889796e-01
-3.82272787e-02
1.63456947e-01
-5.36686219e-02
-8.40169117e-02
3.21357511e-02
-1.29911587e-01
-7.05371145e-03
2.76653040e-02
-1.34069338e-01
2.24425215e-02
-1.23419315e-01
2.00653952e-02
3.36631164e-02
-1.55920938e-01
1.09744988e-01
-9.72518697e-02
3.32775265e-02
8.03012252e-02
-1.35684712e-02
-3.04370355e-02
-4.52907719e-02
-2.00343430e-02
-1.47685379e-01
1.55266803e-02
2.11002603e-02
1.38466910e-01
1.06581390e-01
-1.81375351e-02
1.19276844e-01
-4.88434397e-02
3.91121730e-02
1.89849511e-02
7.39184991e-02
-3.80044542e-02
6.25476390e-02
6.75276667e-02
-7.34761134e-02
7.19438195e-02
-3.06433421e-02
1.26001015e-01
1.03233889e-01
1.18220560e-02
1.29333481e-01
-1.79180671e-02
9.60911438e-02
-3.59670967e-02
-1.85392145e-02
1.79464772e-01
-2.58522443e-02
-1.13477990e-01
4.13737595e-02
-3.29162031e-02
-1.22880906e-01
8.14437047e-02
6.08357452e-02
7.29077160e-02
-8.23078975e-02
-1.47583112e-01
-2.14813367e-01
-9.51318964e-02
7.87334368e-02
7.78050721e-02
9.97121185e-02
-9.17529222e-03
-7.66287223e-02
-1.09746598e-01
-7.40993991e-02
1.54976085e-01
-1.43112570e-01
1.85167432e-01
1.07565813e-01
6.92510232e-02
1.68756306e-01
-2.62501854e-02
-1.12495206e-01
-3.63339111e-02
-5.23397885e-02
1.37459561e-01
4.11080681e-02
1.22440964e-01
2.16891561e-02
5.65485246e-02
1.03861049e-01
5.10245971e-02
-9.39752981e-02
-1.59172937e-01
4.14077416e-02
-4.78444695e-02
3.24422196e-02
1.02380775e-01
-6.01053499e-02
1.97522476e-01
6.08016402e-02
8.47806111e-02
1.03662804e-01
-6.12207875e-02
3.15426551e-02
-2.86048651e-02
1.71174482e-01
-2.03458712e-01
-3.10031138e-02
-1.37831330e-01
-1.21565066e-01
4.44645062e-03
-1.62776913e-02
1.30114987e-01
6.23133359e-03
-3.29853818e-02
1.87397655e-02
-1.16818296e-02
3.50698433e-03
9.10634473e-02
5.04921898e-02
-5.84914349e-02
3.19058038e-02
-1.43421486e-01
6.35699332e-02
5.04450351e-02
-3.86773124e-02
-1.81728795e-01
4.39556055e-02
8.28712732e-02
-2.27558404e-01
-7.61688799e-02
-2.45578624e-02
-5.88022880e-02
6.61032796e-02
-6.35456890e-02
2.90989988e-02
5.26097277e-03
-6.36534691e-02
-4.88194861e-02
-7.39200413e-02
7.61891082e-02
-9.11625922e-02
1.88758582e-01
-1.13515191e-01
-6.71367198e-02
-3.95086743e-02
-3.69394720e-02
-5.12080789e-02
-3.00367307e-02
1.22988254e-01
-9.67857521e-03
-1.46191657e-01
-2.77720690e-02
2.21441928e-02
-1.39330402e-01
3.59696746e-02
2.71338057e-02
8.35177973e-02
2.42117763e-01
1.11153175e-03
-3.04416399e-02
-2.06391010e-02
-1.52816638e-01
-6.16463926e-03
-4.70617414e-02
-8.61658901e-02
1.62221864e-01
9.18627232e-02
1.71282709e-01
-8.54160711e-02
1.49136102e-02
-1.65277645e-02
-1.42267495e-01
-8.39219540e-02
-4.43741567e-02
2.63854600e-02
9.95137244e-02
1.81729555e-01
-4.22544181e-02
-1.03255615e-01
8.56155232e-02
-1.31955162e-01
-1.33253159e-02
1.19127911e-02
-5.77668706e-03
-2.95340065e-02
-5.87649867e-02
-1.38137350e-02
1.15948856e-01
-1.68826014e-01
2.17044741e-01
-1.34994373e-01
-2.43554041e-01
1.53077945e-01
9.13431197e-02
-2.51421571e-01
-1.59774199e-01
-1.97763115e-01
1.77483574e-01
-3.04592140e-02
-1.92212820e-01
2.83221528e-03
1.28007391e-02
-1.39743656e-01
1.55846432e-01
-1.66837260e-01
8.70801732e-02
4.30599786e-02
2.92794276e-02
-1.15833692e-01
-8.91487524e-02
-1.05466649e-01
-1.74588313e-05
-3.95012572e-02
1.33220121e-01
1.06554531e-01
-1.61222741e-01
9.05462056e-02
-5.61014470e-03
8.54688436e-02
1.72507539e-01
4.75599431e-02
-1.56245558e-02
-1.07192099e-01
-1.25113025e-01
-7.18213543e-02
-2.84737553e-02
3.62894498e-02
-5.75002357e-02
1.25524417e-01
1.35576189e-01
-1.86612278e-01
1.07102446e-01
9.11992490e-02
-4.07425500e-02
2.61937290e-01
2.45666262e-02
1.86730638e-01
-1.31690040e-01
-1.02954149e-01
-9.25085321e-02
-9.67916325e-02
-1.22356988e-01
-1.92699164e-01
1.66893972e-03
-2.21816719e-01
-1.83909655e-01
-5.30097820e-02
1.86796755e-01
6.93236515e-02
7.29142129e-02
-6.57989755e-02
6.33078367e-02
-9.88621488e-02
2.05651492e-01
-1.18214600e-01
-7.73137808e-02
1.37029976e-01
5.17846011e-02
4.48360071e-02
7.46379094e-03
1.02408834e-01
-5.03518581e-02
2.87483092e-02
-6.04196899e-02
1.50484759e-02
6.82727573e-03
1.02864355e-01
1.26884848e-01
1.81112327e-02
-2.65380219e-02
9.88991037e-02
1.23298662e-02
9.67050903e-03
6.13628253e-02
-1.36220247e-01
1.13417603e-01
-1.44258007e-01
1.19701372e-02
-6.35144208e-03
-1.96963131e-01
-2.76649129e-02
3.56223285e-02
-1.80941280e-02
-8.80214125e-02
-1.15920275e-01
9.93241295e-02
-3.67140099e-02
-6.88001215e-02
1.47025436e-01
1.18925281e-01
8.88002813e-02
-8.19824487e-02
-8.32418129e-02
1.14537284e-01
6.13821018e-03
-1.77434772e-01
3.12423669e-02
-8.83843750e-02
9.49576050e-02
1.95381548e-02
1.03925690e-01
-3.19150612e-02
3.97545956e-02
6.59314692e-02
-2.33402438e-02
-6.04165755e-02
-4.86860285e-03
-1.61964968e-01
-1.42437695e-02
-4.02323306e-02
-4.86773849e-02
-1.28844399e-02
-4.61698510e-02
1.61781143e-02
-7.76222721e-02
1.20886318e-01
-2.92170178e-02
1.74630806e-01
-1.18536413e-01
2.02107504e-02
-1.94021892e-02
-7.71744549e-02
6.37168959e-02
-3.03459633e-02
1.58381775e-01
1.14536144e-01
-7.79741257e-02
5.55740073e-02
6.87725022e-02
-1.83325037e-01
-8.84817243e-02
1.93599954e-01
3.56310531e-02
-1.77293345e-01
-3.65353599e-02
-1.04850613e-01
8.02576616e-02
5.68237081e-02
5.31566665e-02
1.87481083e-02
-1.26414597e-01
-5.57103455e-02
2.19848901e-02
-7.26922005e-02
1.33481413e-01
-6.31187856e-02
-1.97020043e-02
-1.74569011e-01
-3.75321601e-03
-1.09386601e-01
-1.79532528e-01
-2.25068539e-01
-4.23750728e-02
1.14198491e-01
-1.48043607e-03
-2.71525662e-02
1.69579893e-01
-7.34041482e-02
-2.01156065e-01
2.49675680e-02
-1.30777851e-01
1.45674497e-02
2.74681300e-02
-2.03515869e-02
1.10909395e-01
-1.45787671e-01
-1.98119953e-01
-2.00418279e-01
-3.07743922e-02
-2.22014800e-01
-1.41549355e-03
-1.86451450e-02
1.16612248e-01
-4.58359793e-02
8.66755098e-02
-1.64540201e-01
-9.65694636e-02
1.40210301e-01
-4.34465371e-02
2.02146232e-01
-5.85634932e-02
-9.14874449e-02
-1.52118474e-01
8.52541067e-03
-9.60455313e-02
-1.11758672e-01
-1.19785309e-01
9.39579085e-02
-6.16938993e-02
-9.99372527e-02
2.71965321e-02
-9.58545282e-02
-6.86264485e-02
2.61871647e-02
8.24579876e-03
1.44964844e-01
4.92165498e-02
-8.02057311e-02
1.81201398e-01
6.93876594e-02
-4.19788621e-02
4.34791893e-02
5.93345687e-02
-2.33892421e-03
-8.80555138e-02
1.72008783e-01
5.70694581e-02
-1.41498849e-01
5.60888462e-02
-5.55105582e-02
-9.09637064e-02
1.00661322e-01
1.92757443e-01
6.21099621e-02
1.46389715e-02
4.26376015e-02
2.25436818e-02
-1.13325706e-02
4.46931385e-02
-1.09265625e-01
-1.23554589e-02
1.31966546e-01
9.58594158e-02
1.93614196e-02
8.06297287e-02
1.93841215e-02
-1.06305875e-01
-1.50838315e-01
-3.72874960e-02
-6.04364090e-02
-1.13355078e-01
-1.47526756e-01
-4.99863327e-02
9.64164361e-02
-2.15169787e-02
-1.34338647e-01
-1.34408355e-01
5.35768606e-02
9.50242952e-02
-4.18452807e-02
-8.75053033e-02
2.50567365e-02
-6.83730692e-02
2.04005316e-01
-2.57042021e-01
2.35018030e-01
-2.71242410e-01
-2.46212527e-01
-5.79786077e-02
-2.39013821e-01
-1.95277631e-01
2.34730467e-02
-1.81324095e-01
2.71571338e-01
1.45682424e-01
-1.04772456e-01
-1.18698636e-02
1.20547108e-01
-1.82400063e-01
2.80555964e-01
-2.20100600e-02
-1.61174744e-01
1.31030336e-01
-6.32568151e-02
-2.15133876e-01
-1.74647674e-01
-8.86820331e-02
1.73201680e-01
-2.63491720e-02
5.57052270e-02
1.99932158e-01
-2.69241750e-01
2.90192485e-01
-3.20247933e-02
8.13111588e-02
3.54029685e-02
2.19974563e-01
1.06100187e-01
-2.05552444e-01
-9.21588168e-02
-2.59613171e-02
2.82125603e-02
-1.49077863e-01
-5.53096868e-02
3.37918103e-03
1.35589540e-01
-1.98142484e-01
-1.64023675e-02
5.59107326e-02
-5.24544790e-02
1.58941329e-01
-1.71772525e-01
4.49063368e-02
8.24498665e-03
-2.69047953e-02
-1.51486635e-01
-2.95704082e-02
-1.44373730e-01
-1.18306220e-01
-1.36004999e-01
-2.63921916e-01
-1.19070701e-01
3.93420225e-03
9.34053138e-02
-1.11870311e-01
6.30935580e-02
4.89896722e-03
-4.67805788e-02
4.77716886e-03
9.35006738e-02
-1.26843937e-04
-4.17381600e-02
-3.51154171e-02
-1.38114363e-01
-1.59912899e-01
3.33873704e-02
-7.04002082e-02
1.46571919e-02
-1.12359017e-01
-5.65659218e-02
9.72225424e-03
-7.55324960e-02
-7.90082887e-02
1.14813745e-01
3.76803093e-02
6.34492189e-02
2.16835123e-02
-7.90273175e-02
-3.10737267e-02
2.98076905e-02
-1.22009173e-01
-1.94537193e-02
-4.76278411e-03
1.52091742e-01
2.97745503e-02
-3.44102010e-02
-1.29237130e-01
-9.19204056e-02
-8.46604183e-02
2.36147661e-02
-1.37086153e-01
-1.30802810e-01
1.86177660e-02
3.45452391e-02
-6.14486262e-03
-8.08288306e-02
-9.96632650e-02
-1.33643463e-01
7.48215020e-02
7.78311789e-02
6.32270500e-02
2.90083811e-02
4.85630184e-02
-6.50115162e-02
6.70391470e-02
-6.59608543e-02
-5.99632747e-02
-9.87255573e-02
-5.34270108e-02
-3.67566645e-02
-3.69218215e-02
-8.67265910e-02
-3.92261781e-02
-7.21694753e-02
-1.27446637e-01
-1.25338808e-01
1.57671764e-01
9.57338735e-02
-1.17320500e-01
1.83287251e-03
-4.69690338e-02
-2.73858849e-03
-3.17073576e-02
2.07780272e-01
-1.83660701e-01
-1.11718990e-01
3.64114568e-02
1.23879425e-01
-1.65063322e-01
-3.43446098e-02
-7.21544102e-02
1.66788772e-01
9.38253328e-02
-4.10029851e-02
-1.01472139e-01
9.22024548e-02
-3.56445042e-03
2.21982628e-01
-1.12570286e-01
6.18815273e-02
8.99401754e-02
-2.96841767e-02
1.33561091e-02
9.93184373e-03
-1.52447239e-01
7.53296092e-02
-1.67393491e-01
-9.58086476e-02
2.22881034e-01
6.68232813e-02
-1.64580852e-01
6.49058968e-02
-6.70524240e-02
-7.01193959e-02
1.58369973e-01
-2.17283629e-02
-9.87190157e-02
3.77427302e-02
6.77146167e-02
8.14052224e-02
5.59136346e-02
-1.04386024e-01
2.39760112e-02
6.00351812e-03
-3.43493111e-02
-1.82218894e-01
9.64742061e-03
-1.00294068e-01
1.58660084e-01
-4.48416062e-02
1.04446933e-01
-7.32311048e-04
-3.82859819e-02
4.15457152e-02
-1.01306193e-01
-8.63893107e-02
-7.72885466e-03
4.39250059e-02
-8.23593065e-02
-1.44549429e-01
-3.28099132e-02
1.24338821e-01
-3.22361924e-02
8.67859647e-03
-6.74752593e-02
6.98904842e-02
-4.17860262e-02
6.12196373e-03
3.06837037e-02
2.32121572e-02
1.96676031e-01
7.69793838e-02
-2.16059014e-02
1.96232155e-01
4.76069329e-03
1.00620836e-01
-1.42678082e-01
1.49012595e-01
-4.75961156e-02
-8.71111006e-02
1.62671730e-01
1.13901652e-01
-1.56739071e-01
-2.57042140e-01
1.11973725e-01
-5.24909459e-02
3.62420008e-02
-4.72503938e-02
-1.17313802e-01
-7.96704218e-02
-6.60772324e-02
-1.83916271e-01
-4.10370529e-02
-1.78412274e-01
1.17211886e-01
8.68912227e-03
-1.06806852e-01
8.55532568e-03
-2.27307179e-03
-8.88629556e-02
-8.47549066e-02
3.37566226e-03
7.61574507e-02
2.54869945e-02
-1.91736165e-02
-8.67376626e-02
1.91831976e-01
1.21719666e-01
3.57581414e-02
-8.03363398e-02
-9.79209170e-02
-7.44067729e-02
-1.29397186e-02
1.49152130e-01
1.57670565e-02
-1.00253157e-01
-1.05079651e-01
-1.58387884e-01
-8.92744809e-02
-2.71339297e-01
-3.45394760e-02
-2.03450680e-01
7.28942528e-02
3.03569008e-02
-4.34913374e-02
4.13912944e-02
1.15943186e-01
2.36966889e-02
6.40881285e-02
-5.14920354e-02
-1.05613858e-01
-1.05360240e-01
3.82235684e-02
9.84631926e-02
-1.93089917e-01
5.79862930e-02
3.27385515e-02
4.67275493e-02
3.41669396e-02
1.19752139e-01
1.17441878e-01
1.45261437e-02
5.64605072e-02
-6.47898987e-02
7.45588839e-02
-1.58110067e-01
1.40294895e-01
1.10711619e-01
-5.70588633e-02
6.27847463e-02
-1.48232095e-03
-1.13903150e-01
4.64305691e-02
-1.05313323e-01
1.16445832e-01
1.06267631e-01
-1.81847423e-01
9.77248028e-02
1.35418512e-02
-4.41717990e-02
7.01715499e-02
-6.56000972e-02
5.98105527e-02
-8.29777345e-02
4.86424156e-02
5.34201600e-02
-9.91794374e-03
-1.63306177e-01
1.06557272e-01
8.16309080e-03
-9.79239196e-02
-2.77766194e-02
4.65092948e-03
1.72069427e-02
1.19775735e-01
1.44234672e-01
3.02258022e-02
-3.60591803e-03
-4.62918282e-02
6.38059601e-02
9.22494754e-02
3.67315523e-02
4.11396660e-02
-8.20261054e-03
-1.17601166e-02
-5.94156981e-02
9.81544983e-03
2.89598890e-02
-5.78360111e-02
1.67434618e-01
6.51935264e-02
5.40445447e-02
-1.96621176e-02
6.71819896e-02
3.08147515e-03
-4.82768789e-02
1.02669515e-01
-2.42553502e-02
-3.87968607e-02
-8.82368386e-02
-7.19109252e-02
7.26500526e-02
-8.64950288e-03
5.28382361e-02
8.34915563e-02
9.87483561e-03
8.42408016e-02
-6.93717226e-02
-5.41021153e-02
-1.25431016e-01
2.93715168e-02
4.37117144e-02
1.09501906e-01
1.24889970e-01
7.03990385e-02
7.63862878e-02
6.47601187e-02
-2.67871711e-02
-5.24192080e-02
4.92096879e-02
1.31965116e-01
-1.71887390e-02
-1.03328926e-02
1.47102743e-01
-7.62780681e-02
8.86083618e-02
-1.15218759e-02
-9.57203880e-02
-5.44199571e-02
1.11052535e-01
1.86990611e-02
1.08630076e-01
1.04487538e-01
-5.08149974e-02
1.46827489e-01
-2.62865666e-02
-9.06796455e-02
3.58729586e-02
-8.05030540e-02
-1.20191805e-01
5.99640496e-02
3.24302465e-02
-3.31355594e-02
1.04688220e-01
-8.99531618e-02
-2.41439566e-02
9.66570452e-02
-1.21130541e-01
-7.22667500e-02
-1.61427200e-01
-5.18416353e-02
-7.24902451e-02
-6.84423521e-02
-9.80761275e-02
2.05405857e-02
-9.12602991e-02
-8.07027239e-03
-3.37318145e-02
1.98796969e-02
1.69314742e-01
5.01322225e-02
7.53413886e-02
-3.83569859e-03
9.60664675e-02
-8.73212591e-02
-1.99573636e-02
-8.07378665e-02
1.31034389e-01
6.61289170e-02
9.99626741e-02
-3.39564458e-02
-1.86586484e-01
5.38061410e-02
9.54113156e-02
-1.11599497e-01
-3.32606472e-02
1.19071573e-01
-8.93785339e-03
5.06375358e-02
6.48816898e-02
-6.01851419e-02
-1.19953744e-01
5.26997335e-02
5.39499684e-04
7.42531791e-02
-3.64842191e-02
9.01140571e-02
8.07657689e-02
1.94215134e-03
4.62898687e-02
-9.25950781e-02
-8.82911384e-02
-2.12134924e-02
-1.75043643e-01
-6.07285686e-02
1.19341999e-01
-5.63123934e-02
6.81566671e-02
-9.04323086e-02
-9.49783474e-02
-5.38374260e-02
-4.97962795e-02
-8.97967890e-02
-8.65535736e-02
8.68747085e-02
1.63161531e-01
9.65099335e-02
-1.22582435e-03
1.19342627e-02
-3.55211608e-02
-9.77245793e-02
-6.27364442e-02
-1.64294690e-02
-7.45107532e-02
2.36729886e-02
-1.00391544e-01
-7.22210258e-02
-1.30964726e-01
-4.57130373e-03
1.13232918e-01
3.43096144e-02
-1.16675027e-01
8.27303082e-02
-5.70614412e-02
-3.99615839e-02
5.63745052e-02
-1.99110806e-03
1.09849520e-01
-5.16974702e-02
6.56775087e-02
-3.51466388e-02
6.51293918e-02
-5.61911501e-02
-9.34473202e-02
-4.84054983e-02
-2.05743656e-01
-6.26204386e-02
4.98790629e-02
-2.78363731e-02
-1.00803733e-01
5.52027114e-02
-1.57329395e-01
1.24138966e-01
4.50614318e-02
2.43667867e-02
-1.75859168e-01
8.68213177e-02
-7.48051004e-03
1.76778585e-02
1.14366777e-01
-1.18858799e-01
5.52205406e-02
2.16596648e-02
-1.00181752e-03
-1.46035582e-01
-2.23757830e-02
7.16399327e-02
-7.46162459e-02
9.26410034e-02
9.79849920e-02
-6.30366653e-02
1.48149997e-01
4.49676961e-02
6.41384795e-02
-3.23943049e-02
8.73599350e-02
-2.80873608e-02
-7.60322511e-02
3.67839783e-02
8.70146900e-02
1.76716253e-01
7.42799342e-02
-8.90258104e-02
-1.08608425e-01
-9.01062191e-02
-6.17011487e-02
-3.49526629e-02
-1.61807928e-02
-2.37689298e-02
1.41877430e-02
1.07428059e-01
-5.18458635e-02
4.61829244e-04
1.02532491e-01
4.45714332e-02
-4.26883437e-02
3.53234634e-02
1.68883484e-02
4.20076139e-02
1.15187682e-01
-2.14926116e-02
-1.48624808e-01
8.22123438e-02
3.38480575e-03
4.45263786e-03
-1.37344956e-01
-4.92966082e-03
-1.21423915e-01
4.76400070e-02
1.00284129e-01
-4.94703017e-02
-1.03476882e-01
1.17807031e-01
1.66823491e-01
-5.62258549e-02
5.69383800e-03
-1.43479273e-01
2.23138323e-03
1.55003637e-01
1.58857778e-01
5.39009497e-02
4.12501022e-02
1.15964405e-01
5.17786592e-02
-5.20365536e-02
-3.82670276e-02
4.52050380e-02
-7.45368898e-02
9.89146382e-02
1.02529950e-01
7.48295486e-02
-7.79043837e-03
3.46553177e-02
-2.03066133e-02
-7.76935145e-02
-7.31688440e-02
-9.61131155e-02
-3.68304960e-02
1.09468699e-01
-1.23169534e-01
-5.37197143e-02
3.17836776e-02
-1.28876507e-01
-1.79755643e-01
-1.58686101e-01
1.07327111e-01
1.80375770e-01
1.50465265e-01
6.89896494e-02
1.17012665e-01
-8.97907317e-02
4.66907769e-02
-9.07915682e-02
1.00339465e-01
-8.92270636e-03
-1.35118127e-01
4.47239876e-02
-7.38268718e-02
6.04023300e-02
-2.76661105e-02
9.96225327e-02
-1.76147789e-01
7.40305409e-02
-4.17312570e-02
-1.20937146e-01
-6.13671727e-02
-5.77851236e-02
6.90348893e-02
-8.03078711e-02
-4.21424918e-02
-8.86455178e-02
5.49710281e-02
-1.11225665e-01
-1.25785381e-01
2.01531336e-01
-1.54106691e-01
-2.83053629e-02
-1.64836813e-02
-8.58103018e-03
1.71391010e-01
4.33686078e-02
6.44018650e-02
4.19488996e-02
-6.92612156e-02
5.52892545e-03
8.32873862e-03
-8.70434642e-02
1.12473890e-01
-3.25084478e-03
1.98712140e-01
-2.10970759e-01
1.43049717e-01
-1.34778142e-01
9.49110985e-02
5.81341237e-02
2.27216199e-01
7.10265338e-02
1.62684202e-01
8.26156065e-02
5.43692298e-02
1.89569890e-01
-7.44376257e-02
1.90648273e-01
3.04048136e-02
-7.86652863e-02
5.39690815e-02
6.74926816e-03
4.35813749e-03
-1.32645056e-01
-1.05593063e-01
9.29338336e-02
2.40578905e-01
2.27475733e-01
-4.11262549e-03
1.33883730e-01
5.07208891e-02
1.73753485e-01
-5.13709411e-02
-1.52455475e-02
1.63610905e-01
2.50870846e-02
2.78941933e-02
-2.74792444e-02
-1.98278073e-02
-2.49346104e-02
-4.38957885e-02
1.03967071e-01
-4.10191761e-03
-8.27445164e-02
1.28613219e-01
6.13926984e-02
8.11169948e-03
1.11783482e-01
-8.04336146e-02
-1.71071842e-01
1.35052413e-01
-1.03149321e-02
-8.43873993e-02
1.55040443e-01
-7.65707642e-02
-2.17308756e-02
-8.28246251e-02
-1.41098306e-01
6.48528412e-02
6.96818233e-02
8.60705972e-02
1.08325161e-01
8.45654011e-02
1.49678931e-01
-2.42447364e-03
6.22726157e-02
6.50305301e-02
9.92548093e-02
8.88959244e-02
-9.66216102e-02
-1.20385699e-01
-2.11894736e-01
-6.09561056e-02
-5.80054447e-02
1.22048371e-01
-8.74334723e-02
9.22922418e-02
1.27751887e-01
7.06485808e-02
8.98069292e-02
3.39684449e-02
3.62221822e-02
3.71043608e-02
8.86046290e-02
-3.34133208e-02
-4.20850702e-03
9.76233631e-02
8.43506455e-02
1.85866710e-02
1.51478678e-01
5.64406440e-02
6.38827011e-02
1.32807167e-02
1.68346286e-01
2.46885158e-02
4.12681699e-02
4.48354930e-02
7.58434460e-02
3.31848301e-02
-3.09329517e-02
5.98242227e-03
-9.67714936e-02
8.50177407e-02
2.39309613e-02
1.14072159e-01
-2.24959254e-02
-4.72076237e-02
-1.12261988e-01
1.02731206e-01
1.21631369e-01
9.63709429e-02
9.99027267e-02
-7.33552724e-02
6.87875897e-02
-2.73358729e-02
4.79825921e-02
9.70215350e-03
-4.37740162e-02
-1.35923639e-01
3.74658965e-03
9.17595029e-02
-6.76106215e-02
-8.89372751e-02
-5.15790321e-02
-3.65317874e-02
3.22921798e-02
1.35533679e-02
6.73859417e-02
-5.65672629e-02
-1.14948325e-01
-8.75044987e-02
-6.38345107e-02
9.79613885e-02
-1.18156478e-01
1.01797685e-01
1.00395359e-01
4.29244898e-03
-4.21707071e-02
2.09731013e-02
-6.26053363e-02
-1.34696970e-02
-3.93369608e-02
9.00117978e-02
-1.17931634e-01
-2.17714664e-02
1.09968767e-01
1.03935234e-01
1.62605476e-02
-6.44160360e-02
-2.16601156e-02
-4.81913909e-02
-2.93778512e-03
-3.03157326e-02
-7.97057152e-02
1.38612032e-01
-1.06103867e-01
-5.52347265e-02
1.01073794e-01
1.08382985e-01
1.32821634e-01
-1.09831885e-01
-8.95300359e-02
4.48332801e-02
-6.50458038e-02
-4.22227383e-02
-2.05057189e-02
-5.59815764e-02
6.86169136e-03
1.23451009e-01
-7.67873600e-02
-1.11795962e-01
6.80828169e-02
-4.45233956e-02
1.20767327e-02
7.04903752e-02
9.87023786e-02
-1.11402832e-01
4.87279631e-02
1.09966703e-01
-4.43142951e-02
-1.06546916e-01
-9.28425863e-02
1.63991213e-01
6.38642684e-02
-1.50786251e-01
-2.75314562e-02
-7.70202950e-02
3.33356336e-02
-1.38973117e-01
-1.53452948e-01
-1.02582812e-01
-6.14176132e-02
-7.15231746e-02
-4.17057835e-02
-9.72316116e-02
3.55583578e-02
-1.03982026e-02
5.45056164e-03
-3.06261424e-02
-3.30008976e-02
-2.18803175e-02
-1.78300738e-01
-1.03664353e-01
3.07608582e-02
-7.63238296e-02
1.13781735e-01
-3.59179825e-02
-5.52947707e-02
3.95708270e-02
-7.94247538e-03
2.82354224e-02
4.59845811e-02
-2.06558798e-02
3.90045159e-02
6.52384907e-02
5.20650633e-02
-1.10498756e-01
6.96958974e-02
3.73289995e-02
5.59456199e-02
-9.47577804e-02
1.04342490e-01
2.64706593e-02
2.28202101e-02
4.25229445e-02
-6.18969314e-02
1.28915831e-01
-1.07331485e-01
-2.49821208e-02
-1.96661249e-01
8.73755477e-03
4.68949452e-02
1.32493943e-01
-1.33196935e-01
8.36608037e-02
1.21244602e-01
1.24991894e-01
-9.13251489e-02
-1.27832051e-02
-2.76123658e-02
3.08608636e-02
-4.76723649e-02
4.55792472e-02
1.01146661e-01
-8.86037648e-02
2.88766921e-02
2.33910605e-02
-1.24943607e-01
-1.31435663e-01
1.15341969e-01
1.57059744e-01
-2.15939492e-01
7.44342953e-02
-1.15416862e-01
7.05833584e-02
-8.63273516e-02
-1.80473000e-01
-8.22646171e-02
9.72567275e-02
1.76536381e-01
2.02118675e-03
-3.52984555e-02
1.04403272e-01
-2.92624291e-02
8.90807360e-02
-1.48223266e-01
-3.87645513e-02
7.01039732e-02
-1.06383428e-01
3.68533395e-02
1.14243831e-02
3.49572711e-02
1.75287183e-02
4.31810915e-02
5.70618436e-02
-5.84782697e-02
2.91726347e-02
1.98433578e-01
5.05936556e-02
-6.99057207e-02
5.33020608e-02
7.78875034e-03
1.28131462e-02
1.12432592e-01
-1.45964518e-01
-3.32227647e-02
-1.26169667e-01
4.82963696e-02
5.29854223e-02
4.59966734e-02
1.04142062e-01
-4.92102765e-02
1.58972457e-01
3.26429158e-02
1.37387633e-01
-6.70867637e-02
1.69616729e-01
3.05235237e-02
1.18731754e-02
1.59578890e-01
-1.00880004e-01
6.28414676e-02
-2.65404582e-02
-1.16846543e-02
1.06130630e-01
1.32053226e-01
4.18373235e-02
-6.41886238e-03
3.49355862e-02
8.56272578e-02
7.11081699e-02
-1.25125960e-01
-2.43377715e-01
6.00450933e-02
1.00040287e-01
1.41003756e-02
-6.37205318e-02
-9.79812592e-02
-3.87130752e-02
1.60681903e-02
-3.25377658e-02
-7.12685362e-02
-1.56391308e-01
4.29149047e-02
1.24893198e-02
-6.96036518e-02
1.02756411e-01
-6.55651912e-02
-1.20136198e-02
-1.25508770e-01
5.11715040e-02
1.72596097e-01
1.14164270e-01
-9.06233713e-02
1.48156255e-01
-3.64112481e-02
-2.84863431e-02
2.20421869e-02
7.42263645e-02
-9.45068598e-02
9.61510539e-02
1.89499900e-01
6.51161671e-02
1.56922042e-01
-3.93785499e-02
-1.96014702e-01
-9.28751603e-02
-8.60019624e-02
-2.85775075e-03
-1.09466814e-01
-1.80844948e-01
1.65188313e-02
-7.82776326e-02
-1.89917460e-01
1.27226174e-01
2.97391172e-02
5.38117513e-02
8.55187699e-02
7.00852275e-02
-1.41568273e-01
-6.64585680e-02
1.71665214e-02
-1.22165002e-01
1.34736095e-02
-5.60851507e-02
-1.29685730e-01
-1.42218187e-01
-1.13606099e-02
1.05014227e-01
7.52586499e-02
3.98009270e-02
5.48100844e-02
5.17308936e-02
9.47255492e-02
9.37270671e-02
-9.16642603e-03
-1.47444665e-01
-8.50849673e-02
5.44866696e-02
-7.13634565e-02
9.88499671e-02
-1.80255681e-01
-1.42046148e-02
2.66751591e-02
-3.85587253e-02
1.02080964e-02
4.16454189e-02
1.45042598e-01
-3.01141553e-02
-4.14361805e-02
6.58015609e-02
7.36842155e-02
3.66043337e-02
-1.12568475e-01
-8.79095495e-02
-5.82881607e-02
-8.81860126e-03
-2.12305374e-02
-1.07030392e-01
8.57119784e-02
1.48516521e-01
-1.08757086e-01
1.06043361e-01
-1.11831792e-01
1.06120504e-01
1.65903062e-01
4.15657982e-02
4.61184047e-02
-1.89293265e-01
4.09265831e-02
-1.00857161e-01
1.27103209e-01
-9.12916884e-02
-3.88621241e-02
1.77968834e-02
-1.53481290e-01
7.75749460e-02
6.75506592e-02
1.26704320e-01
1.07277244e-01
8.46209452e-02
-7.26164505e-02
-1.23287499e-01
1.36142120e-01
2.16449443e-02
-8.34124163e-02
1.31259501e-01
-9.38757807e-02
3.85422185e-02
5.23377880e-02
-6.17180355e-02
5.77585436e-02
-8.16842914e-02
7.93014392e-02
4.84826937e-02
-4.77922149e-02
1.84918977e-02
-1.04122400e-01
7.30403662e-02
5.27335554e-02
-5.35676330e-02
3.52006266e-03
1.12148091e-01
6.86825290e-02
-1.22937307e-01
-9.39597487e-02
8.59327763e-02
-5.80041409e-02
1.08228132e-01
-1.06865421e-01
-1.66241899e-01
2.36131638e-01
-2.90248506e-02
5.86797036e-02
-1.51847079e-01
-5.25432490e-02
-8.80096480e-02
4.25103456e-02
-4.36018594e-02
5.31188510e-02
6.30927607e-02
1.35666996e-01
1.45677134e-01
1.81024689e-02
1.11689433e-01
-1.68413129e-02
1.15294889e-01
-7.99124762e-02
-6.27509654e-02
4.31825295e-02
9.08638090e-02
-1.28771022e-01
-1.91868935e-02
-1.68328270e-01
-8.44915733e-02
-1.03847593e-01
-1.37215197e-01
1.34210363e-01
5.07837981e-02
8.23419690e-02
8.04612339e-02
1.07212244e-02
6.69069886e-02
-9.52686816e-02
-2.52928808e-02
-1.62830621e-01
-1.13240987e-01
1.13807879e-01
8.63483921e-02
1.16511695e-01
-1.94262657e-02
-1.09177686e-01
-1.42517695e-02
1.26011502e-02
9.27199945e-02
1.93560094e-01
-1.25766117e-02
-3.55880260e-02
1.46749049e-01
9.34543833e-02
-1.01587534e-01
1.01806521e-01
-5.50895110e-02
1.38251290e-01
-1.23925380e-01
1.12432927e-01
9.45160538e-02
8.46634433e-03
1.08074516e-01
1.19400937e-02
-1.45244494e-01
1.04736812e-01
-3.09898537e-02
4.39268723e-02
-9.33094844e-02
-7.04747951e-03
4.26650606e-02
-1.51388392e-01
-1.30011693e-01
-9.80314761e-02
-1.27044886e-01
1.00184575e-01
9.60766599e-02
1.42584965e-01
8.45223665e-02
1.17132254e-01
1.84789538e-01
1.53131202e-01
-9.51277688e-02
1.60149202e-01
-1.95797831e-02
1.17492400e-01
1.69686079e-01
-2.05702279e-02
1.88203380e-01
-8.84589851e-02
1.40421778e-01
-6.29323199e-02
-1.65639460e-01
-7.59153217e-02
9.81510431e-03
2.08311863e-02
7.80219585e-02
2.05064774e-01
1.87747404e-01
-1.77908793e-01
-2.49410570e-02
1.38580412e-01
1.26137778e-01
4.50858064e-02
2.18788739e-02
-6.64999038e-02
1.25860110e-01
-1.16942137e-01
-1.10505953e-01
1.06519587e-01
8.60992000e-02
9.23772305e-02
1.20164990e-01
7.44418204e-02
-3.64619270e-02
6.65549263e-02
2.89603267e-02
-1.05950959e-01
-3.62014286e-02
-5.22307307e-02
-3.17986906e-02
-4.72031944e-02
-1.11171417e-01
-2.97066364e-02
-1.38145208e-01
-9.48941056e-03
2.72697699e-03
-3.28060016e-02
-1.93035588e-01
-5.14532859e-03
-7.30175227e-02
5.78952730e-02
-1.13430485e-01
-1.76816240e-01
-9.65890363e-02
1.33984134e-01
-1.07213505e-01
-5.86829409e-02
7.56009072e-02
-1.95679069e-01
1.36440946e-02
-1.24855556e-01
6.23429492e-02
-6.54935390e-02
-3.91442664e-02
-5.99439144e-02
-4.72480012e-03
-9.23532397e-02
-7.27576017e-02
2.98856031e-02
5.58561943e-02
1.06732219e-01
1.43159166e-01
-2.40380894e-02
2.81827934e-02
-1.66164767e-02
9.40167829e-02
-1.04837030e-01
-1.24939047e-01
-1.45351991e-01
-1.84077807e-02
-1.33898154e-01
-1.38048902e-01
1.11126646e-01
8.56389254e-02
-1.07479338e-02
-5.73204597e-03
2.99042296e-02
-1.71945885e-01
7.46103644e-04
-1.82428449e-01
5.56384102e-02
2.68123932e-02
-5.49259894e-02
1.19171292e-01
1.12451732e-01
5.22967800e-02
8.11549127e-02
5.99440932e-02
-3.20039801e-02
6.36145696e-02
1.42071098e-01
2.42658774e-03
1.76352948e-01
-2.47419134e-01
1.75383911e-01
2.43344512e-02
1.82784367e-02
-8.24984442e-03
8.14315453e-02
1.06406368e-01
9.13792849e-02
-1.09715872e-01
2.15498090e-01
-4.23047580e-02
-2.86765043e-02
2.79798448e-01
9.70528200e-02
1.31342754e-01
-8.88113379e-02
2.19874885e-02
-2.44890422e-01
-1.06923088e-01
1.09528929e-01
3.44269723e-02
1.72022611e-01
-1.31967710e-02
3.67986783e-02
-1.09055616e-01
1.31473765e-01
-2.03327276e-03
7.64416680e-02
1.49782859e-02
6.78493157e-02
2.06440687e-01
-1.29594192e-01
-1.81728639e-02
-9.48887616e-02
5.50625008e-03
1.94133863e-01
1.02654053e-02
6.16571866e-02
-1.57411888e-01
9.74476859e-02
1.02584861e-01
2.31127933e-01
6.44867197e-02
8.15174356e-02
3.10190935e-02
1.60074726e-01
9.69680995e-02
-1.16945587e-01
-3.43624689e-02
-2.01696809e-02
-5.25627062e-02
-3.28629240e-02
1.28549650e-01
-7.85660893e-02
8.93837661e-02
-4.04342823e-02
7.84546658e-02
-9.02022887e-03
-6.75053671e-02
-3.29515710e-02
9.93815064e-02
4.48044613e-02
-2.26526614e-02
-5.21861538e-02
1.17786638e-01
-7.89427757e-02
1.58265904e-01
2.62421463e-02
-4.43542041e-02
-7.82563686e-02
6.18676096e-02
-1.73261552e-03
-4.77849022e-02
-5.10211512e-02
1.46797346e-02
-6.06721491e-02
4.49985266e-02
-1.51482075e-01
-8.95749331e-02
5.20495921e-02
1.11197636e-01
-4.97912243e-02
1.11905307e-01
-5.46583347e-02
-3.43385004e-02
-8.71286616e-02
-9.94869545e-02
-6.86597154e-02
-4.45652939e-02
-1.03571720e-01
-1.04968380e-02
-9.90579352e-02
9.61051136e-02
6.23445176e-02
-2.03397814e-02
3.01787741e-02
-1.81892049e-02
-1.06594086e-01
-9.27594081e-02
8.94948542e-02
1.30069956e-01
3.33377160e-02
9.77364555e-02
1.27145246e-01
3.95879187e-02
1.47354389e-02
-1.07398435e-01
1.03829391e-01
7.12300614e-02
-1.41435107e-02
1.29641086e-01
1.66940406e-01
-2.79153697e-02
-9.60302204e-02
-2.99515873e-02
1.09101072e-01
-1.22376800e-01
3.01821213e-02
2.79101022e-02
9.52700302e-02
6.31559757e-04
-4.85296473e-02
5.18673137e-02
-5.88506646e-02
8.73175189e-02
5.72347380e-02
1.17283091e-01
6.39736950e-02
4.64016991e-03
6.59035593e-02
-2.02611759e-02
-1.24992907e-01
-2.26927381e-02
6.98970556e-02
3.75740626e-03
5.18829525e-02
1.17285494e-02
8.52695554e-02
-6.00114055e-02
9.58523750e-02
1.68955699e-02
3.36994715e-02
-7.01635182e-02
1.87547244e-02
1.51507735e-01
-1.74534306e-01
8.34984556e-02
-1.31415561e-01
7.23427087e-02
-1.39849767e-01
-1.03140317e-01
8.13288391e-02
1.34288874e-02
-5.94543852e-02
1.42431539e-02
6.14270866e-02
-1.30912557e-01
-4.95487079e-02
-2.96649127e-03
1.18599825e-01
-1.08510904e-01
1.10213540e-01
1.30297954e-03
-2.15782691e-02
-7.70771643e-03
-3.76431271e-02
6.16939515e-02
2.30321586e-02
2.92489398e-02
-5.38089536e-02
-1.63393795e-01
5.78448698e-02
1.30058989e-01
1.01603838e-02
-8.54719952e-02
4.33492847e-02
-3.02097686e-02
3.06167267e-02
-1.12913311e-01
-9.38232173e-04
6.79536462e-02
-4.30978760e-02
-1.43708244e-01
-5.12424111e-02
-8.75896364e-02
-8.63922685e-02
-1.37768462e-02
1.35888696e-01
-6.18620813e-02
-9.78675038e-02
1.31251439e-01
1.47270724e-01
6.48660362e-02
4.67169937e-03
-2.12534070e-02
-2.78948694e-02
-5.13746478e-02
-3.44884880e-02
-3.55816970e-04
-9.80531275e-02
3.60323640e-04
-1.87490061e-01
6.10830588e-03
-7.31796771e-02
6.73835725e-02
1.92299306e-01
2.76024938e-02
-1.67431757e-02
7.27261603e-02
1.59721360e-01
-1.97069324e-03
-5.67678176e-02
-1.60984665e-01
-1.44602358e-01
-4.07592393e-02
9.00467858e-02
-1.05013326e-02
-1.09440617e-01
-9.43395484e-04
6.78349361e-02
7.45398104e-02
-8.17526057e-02
3.04559562e-02
1.44788355e-01
1.17778638e-02
4.18999419e-02
2.97755981e-03
8.48999843e-02
4.43154685e-02
3.21798623e-02
1.45218939e-01
-1.63890719e-01
-1.72026619e-01
-2.26706397e-02
-2.35036779e-02
9.59922224e-02
1.79728568e-01
-2.95024924e-02
-1.00155972e-01
-1.58197209e-01
-9.78070945e-02
-5.87670356e-02
-1.15674615e-01
7.03450441e-02
3.60593759e-02
-1.48513645e-01
1.51928991e-01
-1.62089944e-01
-1.13099635e-01
-5.72434254e-02
-1.57190755e-01
5.87073378e-02
1.14517070e-01
-1.10193543e-01
1.20640568e-01
4.73160259e-02
-5.47181107e-02
-4.31120396e-02
1.16367176e-01
1.50251746e-01
1.10238716e-01
-1.07506759e-01
2.71706227e-02
-1.11304238e-01
-1.10396273e-01
4.46855649e-02
-5.60389906e-02
-3.28581110e-02
5.32000698e-02
-8.03259537e-02
-5.22815846e-02
-1.43470660e-01
1.28450677e-01
-1.43139409e-02
3.09348572e-02
-4.10913676e-02
1.26209423e-01
9.55366567e-02
-1.48621529e-01
8.36248919e-02
7.69439861e-02
6.17489442e-02
1.54406084e-02
2.95635890e-02
-4.05869745e-02
4.57571745e-02
9.54926852e-03
-2.16480121e-02
1.32381134e-02
6.98461803e-03
6.32709078e-03
9.38846469e-02
1.46680117e-01
-6.99477121e-02
2.33535260e-01
1.37916356e-01
1.12708017e-01
5.26049361e-02
9.80734304e-02
9.69562531e-02
-1.50724193e-02
-1.57511160e-01
4.93835062e-02
-1.57137066e-01
-9.61823687e-02
1.77247688e-01
-4.88385595e-02
1.55268788e-01
3.25262360e-02
-2.42281370e-02
1.88323170e-01
6.77591190e-02
-4.99937031e-03
-6.35570288e-02
-2.33472493e-02
-1.54165119e-01
1.37654796e-01
1.37075558e-02
-1.69994950e-01
3.27661559e-02
-5.96729666e-02
1.16991468e-01
-8.63964856e-02
1.97521988e-02
1.21789411e-01
2.24919114e-02
5.07978722e-02
-2.31422916e-01
-7.22829625e-02
6.00408949e-02
-2.52765566e-01
6.88311011e-02
-8.14575702e-02
-7.70571604e-02
-2.35847253e-02
6.97542652e-02
-1.28459424e-01
-2.10292891e-01
-4.88376804e-02
-1.23636551e-01
4.66261618e-02
1.39890671e-01
4.40729335e-02
-6.36211485e-02
-9.25785825e-02
-1.13049261e-02
1.71024129e-02
6.63465858e-02
4.71508270e-03
6.31728470e-02
8.33424702e-02
2.97808442e-02
2.11629614e-01
9.46556553e-02
1.02003347e-02
-5.83375916e-02
-1.16669163e-01
5.97324856e-02
-1.50825232e-01
-3.80240828e-02
7.46259838e-02
1.92633137e-01
-7.87263457e-03
-7.72502348e-02
-2.20722286e-03
2.44094759e-01
2.34823242e-01
-1.16119295e-01
1.66361123e-01
1.03750881e-02
6.27088025e-02
8.48619863e-02
-1.77563548e-01
-6.79203644e-02
6.54841773e-03
-5.09476848e-02
1.08139843e-01
-1.05182372e-01
1.15903663e-02
-5.17590567e-02
-2.09106341e-01
-6.21298254e-02
6.46748915e-02
-1.35058342e-02
1.38595747e-02
9.05904248e-02
1.09990045e-01
2.26946384e-01
-1.01045473e-02
-1.94163054e-01
-6.68664873e-02
-2.12909095e-02
-3.45767364e-02
-3.63547960e-03
-1.75558869e-02
2.29539618e-01
-1.24495707e-01
-5.58011681e-02
7.83594921e-02
-1.08397335e-01
-2.14174613e-02
2.21162260e-01
3.61350961e-02
1.01647876e-01
-1.05326725e-02
-1.66704014e-01
8.81980658e-02
1.59591753e-02
2.23093983e-02
-2.98321024e-02
7.78024271e-02
7.02841505e-02
-1.11045167e-01
-8.89495313e-02
-1.03096865e-01
-9.42552537e-02
4.41046618e-02
-5.21742515e-02
1.08843692e-01
-6.60029100e-03
1.81409091e-01
-9.69277322e-02
3.15894792e-03
7.94170648e-02
-5.64243495e-02
-1.34508759e-01
1.86685082e-02
-9.64004621e-02
7.33780069e-03
-1.70124471e-01
2.32833344e-02
