1001101101110111
1001111010111111
1010001000100011
1001100100011101
1010000100011110
1010001101010001
0010010001111111
1010010000100101
0001101010001101
0010001100110010
1001111000100000
1010010010001101
1001010001001011
1010010101101000
1001000110110101
1001100110011110
1010010011101001
1001111100000100
0010001110011010
0010010000010010
0010000110100010
0001110111010011
1001111100100000
0001111000010100
1010000101001111
1010001011100010
0001101111101100
1010011111000011
0010001011011101
0001000011001100
0010000110111100
0010000000011111
0001100100010111
1010010011001100
0010010101110001
0001111000010010
0010000110100100
0001010111001111
0001011000110111
0010001111110000
1010000001100110
1010010000111000
0010010110101011
0001110100111011
1010100000001111
0010010101000100
1010010111001111
0010000110011111
1001111100100000
0001100110010101
0010010111111111
0010001011011001
0010000010101010
1001010110011110
1010010000010000
0010010100111010
0001100010001111
1001111101010101
0001001000110101
0010001000110001
0010000100010100
1010000011100010
1001100011010011
1001110111101101
1001010011011111
1010001010111010
0010001001111110
0001011111110010
0010011000010100
1001101010101111
1010001110011001
1001111100100100
1010010010000011
1010010010110011
0001100110001001
0001100110101110
1001111111010010
1010000010111101
1010010011011010
0010000000011111
0010001000000100
0010001000011011
1010100000010101
1001111110100000
0010000011111011
1010001011000110
1010001100111011
0010010110010010
1010000101101010
0001101100101111
1010100000110001
1001111101101010
0010010100101100
1010000110011111
0010001110111101
0001100100110110
1000111011001101
1010000101101110
0001111001011001
1010001011100110
1010011011011111
1010010001000111
0001011011010011
1010001011011110
0010001100101000
0010011000110000
0001111001010000
1001111110101011
0010010001011100
1010000000001011
1001001000001010
0010010110111100
1001011011111000
0010000111111100
0010010110101111
1010010100011111
0010000101110000
1010010010000011
0001111001111100
0010010100110100
1010010001101000
1001110110010101
1010000101101111
0001111010100101
1010010111011010
0001110110100000
0001110110001111
1010011110001100
1010010111010001
1001100111101000
1010000011110110
1001110111110001
1001110110001101
1010000100011010
0010010100010111
1010000110000111
1010001011010000
1010000011101101
1010000001110110
1010010010101100
0001110010010101
1001111000000001
0010010000101001
1010010001011001
1001011110010110
1010100100110011
1010000000110110
0010010010110111
1001110000101110
1001111100010011
1010010110101101
1001111010000011
0010011010110000
1010000010110000
0001100000100101
1001011101111111
1010001110100110
1010011100011000
1001100010101101
1001100110001111
1001111100000101
1010000011011010
0001110100110001
1010010100000000
1010011001000100
0010001011010100
1010001010100011
0001011101000010
0010011001001000
1000110101110111
0010011011101000
1001000101011011
0010001110001110
0001011101111000
0001111111110100
0001111111101010
1010001100000111
0001110001100011
0001100100000110
0010000110010010
0001110100100101
0010010101111011
0001100001010101
1010010010010110
1010001111100010
0010010101011011
1001001011100100
1010100011001000
0010000011000011
1001110100101101
0000010000101111
0010010011000111
