1.00396705
1.01960301
1.07042253
1.12978709
1.07117724
1.06030762
1.09165752
1.04900861
1.04624355
1.06120658
1.06132567
1.06522191
1.06519747
1.09947705
1.07404590
1.04755294
1.07821417
1.03947473
1.04670990
1.04816592
1.05950212
1.02120852
1.08917761
1.05639756
1.05907917
1.04009926
1.06875992
1.06441104
1.07950747
1.05829132
1.09613383
1.06727910
1.04228103
1.03714812
1.07036996
1.09843457
1.05604291
1.08188498
1.11503685
1.05130327
1.03952098
1.07051539
1.04713643
1.11713362
1.07557428
1.09498990
1.04246962
1.01316702
1.06668282
1.06460369
1.05354214
1.06273377
1.07463932
1.03333569
1.04064214
1.05056846
1.09503865
1.06585681
1.05419934
1.11521447
1.10508800
1.04962146
1.06037199
1.09089148
1.16833460
1.05169940
1.07216752
1.07354224
1.09467077
1.03752124
1.07486784
1.02750576
1.02351868
1.07541084
1.08488405
1.02026963
1.10240638
1.06244862
1.00676692
1.04793310
1.03723300
1.03564405
1.08947694
1.04437971
1.07994509
1.01631129
1.07996094
1.06894302
1.04665244
1.05792689
1.06466126
1.06379449
1.07260334
1.10126233
1.01862943
1.05750537
1.03277683
1.04573607
1.04282737
1.04317105
1.06539273
1.07675910
1.05993557
1.01589787
1.10102594
1.04757142
1.06893718
1.08367455
1.04962206
1.06301081
1.09560013
1.08318520
1.03937757
1.04217672
1.05768335
1.06246305
1.07781589
1.03905141
1.05984938
1.07616782
1.08469152
1.09159505
1.12364912
1.05189764
1.09552872
1.05235279
1.07366097
1.07692027
1.11359596
1.05080056
1.07447791
1.05545604
1.05120742
1.04055190
1.03061199
1.05519760
1.09892941
1.03172660
1.04436433
1.09225142
1.04011190
1.04027891
1.03191352
1.11419547
1.06481349
1.07988143
1.03747153
1.09527850
1.07975149
1.04140401
1.08585131
1.09285772
1.08309364
1.07744169
1.05777264
1.05323315
1.07666588
1.09572637
1.11359894
1.04031563
1.08186650
1.07463944
1.05518711
1.06973243
1.02575684
1.09471846
1.09033298
1.07397771
1.12200725
1.06465662
1.06778443
1.11297417
1.09241962
1.01696694
1.05993307
1.05819166
1.05032730
1.06191087
1.00618911
1.02012587
1.08889902
1.06541288
1.04765713
1.06369805
1.08009303
1.07093906
1.07879734
1.06375980
1.08348024
1.06174290
1.08740580
1.05221641
