4
56
-29
-10
-20
-103
63
36
12
92
-97
-37
14
48
-19
67
-20
69
73
109
-52
87
126
-82
56
-28
-95
91
62
-23
-24
115
111
-71
69
98
40
-32
-86
-58
-5
66
60
105
76
72
-62
-63
-103
103
0
-91
89
3
-68
19
48
-68
-48
29
20
52
-102
-116
-36
22
31
76
-4
-34
-84
22
43
-49
6
87
-117
19
121
56
108
18
-53
24
26
-73
-117
-30
-99
-76
37
37
-40
93
20
-81
35
9
7
-66
-70
31
73
-16
-38
48
99
76
98
-7
-2
111
74
-8
73
-7
41
5
-92
-70
-128
71
68
27
-120
-50
-80
-85
-107
113
-57
-34
-58
-8
66
-107
32
-8
-48
66
9
9
-88
121
63
-109
-122
-98
-3
85
9
28
27
42
-56
-25
28
-69
57
102
-82
31
47
99
82
58
15
-81
-24
-78
32
-69
37
27
-101
-45
-15
78
-53
48
34
-74
-84
-106
-5
-35
-21
52
110
93
107
-19
