0.97502124
1.00076997
1.03942752
0.96896714
1.03812480
0.95506150
1.03605270
0.98042965
1.02508354
0.97704810
0.99043268
1.03173172
1.02464068
0.98744935
1.01598299
0.99272656
1.06356907
0.98758501
0.97937042
1.02330530
1.04717088
1.00002050
1.05495346
1.02488029
0.96391928
1.00360835
1.00611162
1.02739179
1.00921953
1.02983606
1.00076556
1.00255704
1.00246346
1.01616144
0.98981398
1.02808046
0.99925941
1.01720989
1.00277269
0.97909546
1.00021815
0.94921213
0.98084670
1.00466025
1.01213551
1.07562101
1.04837978
1.05298758
1.03082728
1.05481231
1.02279377
0.98176748
1.03653479
1.05648017
1.00715327
0.99805689
1.01688313
1.03228033
0.97959083
1.02502394
0.97123456
0.98776478
1.06994689
1.06380308
1.01202297
0.99139816
0.99694759
1.01795602
0.95573044
0.98687822
0.98116446
1.02779043
0.99130028
0.98309767
0.97898662
0.97760129
1.06983900
0.99192750
0.98214614
1.01283872
1.02084732
0.97130036
1.02050388
0.97822100
1.01678050
0.99902815
1.06690216
0.96848810
0.99028474
1.05639255
1.00277841
0.97318709
0.99000156
1.00162542
0.97640717
1.05381894
0.96999198
1.03207302
0.98530614
1.02745318
0.97303683
1.05757356
1.00647521
0.98651725
0.97175008
1.03177357
0.96984804
1.00094008
0.99969792
0.99982125
1.04572451
1.08556736
1.04188609
1.04562759
1.04258835
1.00517190
0.98802549
1.02452803
0.98767900
1.03242147
1.03716087
1.00389898
1.01070666
1.01209307
1.03855264
1.00812232
1.00860059
1.09574807
1.05358756
1.01888263
1.00876701
1.01957154
0.97781610
1.00532377
0.96927255
1.06456649
0.95032072
1.03020310
0.97492743
1.02629197
1.03274822
1.03235364
1.01629698
1.01402187
1.01666391
1.07957232
1.02352631
1.02491224
0.98323673
0.97423512
1.01063216
0.95651513
0.98450828
1.01906776
1.02656400
1.04306066
1.02376354
0.97996283
0.98223281
1.02133608
1.02313876
0.93994272
1.01114690
0.99368405
1.01177955
1.00863612
0.98008549
1.11286616
1.00249302
1.04672623
1.02081466
1.01428831
0.94119680
0.99675810
1.00688648
1.03799105
0.94377726
1.01530421
0.99572188
0.96488905
0.97934067
1.03160536
1.03874469
1.05812967
0.99273634
1.01658249
0.98819649
1.02163029
1.01750922
0.96989334
1.04346359
1.02955520
