0011101010110101
0011101011111100
0011101011100100
0011101110100101
0011101101000101
0011101110000100
0011101111000100
0011101110110000
0011101011100111
0011101100101111
0011101100000001
0011101111001001
0011101100100001
0011101101010110
0011101011111101
0011101100111111
0011101100000101
0011101110001001
0011101110101100
0011101101100110
0011101110000000
0011101100101111
0011101100101101
0011101100010110
0011101010010011
0011101100110011
0011101101101100
0011101011100001
0011101011100110
0011101011111000
0011101101110010
0011101011100111
0011101101101101
0011101011010101
0011101100001101
0011101110010001
0011101101110111
0011101011111001
0011101100001000
0011101100000101
0011101100000111
0011101011100110
0011101011111011
0011101101111010
0011101101001101
0011101100000111
0011101011111010
0011101011111010
0011110000001011
0011101010111000
0011101010110000
0011101101010011
0011101100000100
0011101101011010
0011101100000010
0011101011100000
0011101100100001
0011101100101000
0011101011100000
0011101110000110
0011101101000111
0011101101100100
0011101100111001
0011101110101011
0011101101100111
0011101101000110
0011101101110010
0011101101100111
0011101101111100
0011101101111111
0011101111101111
0011101101011111
0011101011010111
0011101101000111
0011101101111010
0011101100000100
0011101100010111
0011101100110010
0011101110011001
0011101101010001
0011101100010100
0011101110011000
0011101110000010
0011101100100101
0011101101011001
0011101101110111
0011101110010100
0011101101100100
0011101011110100
0011101010110110
0011101101011100
0011101100100101
0011101100000110
0011101100010111
0011101101110001
0011101100101011
0011101011000000
0011101100101000
0011101101001111
0011101011011100
0011101101010110
0011101011001101
0011101110101011
0011101011100010
0011101101101101
0011101101110011
0011101101110001
0011101110000110
0011101101111111
0011101100110110
0011101101001010
0011101101111111
0011101101011101
0011101100111011
0011101100110011
0011101100000111
0011101110010100
0011101101110111
0011101110100001
0011101101001110
0011101011100010
0011101101111010
0011101011011111
0011101101001110
0011101011000100
0011101101010111
0011101100101101
0011101100001110
0011101101000010
0011101011001111
0011101101001000
0011101110000101
0011101101000010
0011101100000011
0011101101101000
0011101011010001
0011101100000000
0011101100100111
0011101101000001
0011101011100110
0011101100010111
0011101100000010
0011101101101010
0011101011010111
0011101101010100
0011101110010011
0011101100111001
0011101100111100
0011101110011100
0011101101101000
0011101100001000
0011101011001111
0011101011111101
0011101101010011
0011101011110000
0011101011010010
0011101110010000
0011101011100000
0011101011000010
0011101101011010
0011101101100101
0011101100001010
0011101110000101
0011101100010000
0011101100000110
0011101100010001
0011101101101011
0011101110111010
0011101101111001
0011101110011011
0011101110010000
0011101101101111
0011101101111101
0011101100110001
0011101011101001
0011101011101111
0011101110000000
0011101101110101
0011101011011100
0011101101101100
0011101110101110
0011101110110110
0011101101100111
0011101011011011
0011101101010001
0011101101111111
0011101110000100
0011101100010001
0011101110000101
0011101100001011
0011101100100111
0011101100000000
