-8.82698298e-02
-4.64941636e-02
-9.13038477e-03
-7.16572031e-02
-1.03173643e-01
9.21105295e-02
2.79845688e-02
5.59309945e-02
1.16341293e-01
-7.37296417e-02
-1.04769342e-01
6.66398630e-02
6.48328289e-02
-5.08536622e-02
1.11813493e-01
-8.99174958e-02
-4.13189270e-03
9.56698209e-02
-3.27533856e-02
-2.81942356e-02
1.04050413e-01
1.25554487e-01
-8.67581218e-02
2.93525346e-02
5.27662374e-02
-1.12653837e-01
9.55773145e-02
1.08362944e-03
-5.34641035e-02
9.30232331e-02
-9.29988995e-02
-8.83803528e-04
-1.11305237e-01
-9.75590795e-02
-6.92153573e-02
1.15050644e-01
2.31854990e-03
-3.80135253e-02
1.00698300e-01
1.31131113e-02
6.72495291e-02
-1.36141732e-01
1.13766849e-01
5.01917005e-02
1.29073590e-01
5.41843139e-02
9.87222567e-02
4.73141558e-02
9.34654921e-02
7.05808625e-02
1.87875666e-02
-9.48772803e-02
7.14334892e-03
6.89954311e-02
1.24381594e-01
-4.00892012e-02
-6.63518980e-02
-9.29705948e-02
-9.58845988e-02
7.43151531e-02
9.74416584e-02
6.44279197e-02
6.92646950e-02
-1.20594695e-01
7.21207680e-03
-3.58147882e-02
7.33536854e-02
-1.61556453e-02
-8.98051858e-02
-1.28315985e-01
4.18842584e-02
-1.58686742e-01
-7.81528768e-04
-4.45870534e-02
-8.94363075e-02
4.45555449e-02
1.01442321e-03
-1.51175618e-01
-3.01818848e-02
3.61200888e-03
-3.84445488e-02
-6.45309240e-02
-4.04664082e-03
4.65300232e-02
-5.30956835e-02
-9.40658972e-02
-2.58704051e-02
6.41921237e-02
1.23191945e-01
1.10056840e-01
5.44869900e-02
6.83088675e-02
-3.45294513e-02
-1.26939550e-01
5.91637902e-02
-1.04651926e-02
-3.93179804e-02
-6.21055104e-02
1.28714517e-01
-1.37532920e-01
-1.49565428e-01
4.93865125e-02
-1.36404317e-02
1.45233378e-01
-6.47812188e-02
7.32372329e-02
-6.86381459e-02
5.22999391e-02
-1.44057214e-01
3.68063245e-03
4.72923815e-02
-1.00807205e-01
-5.12567200e-02
8.40871185e-02
-3.27751562e-02
-3.92069258e-02
-1.84836611e-02
-7.04527786e-03
-7.20947534e-02
5.73068447e-02
-8.26742426e-02
-3.09743313e-03
6.16076514e-02
4.56748419e-02
2.38856394e-02
-3.01998649e-02
-5.00931405e-02
-5.76052181e-02
1.20440699e-01
3.92437540e-02
3.73946056e-02
-1.19200327e-01
7.19576553e-02
-7.41084665e-03
5.05541498e-03
-1.18564919e-01
-1.18252993e-01
-5.79801537e-02
8.07815492e-02
-4.30423915e-02
-7.87515752e-03
7.22943693e-02
-1.00550056e-01
-9.90984365e-02
-1.93924492e-03
-3.33332606e-02
9.52051505e-02
9.48965624e-02
-4.36035059e-02
1.11333631e-01
-3.85865197e-03
1.40209235e-02
2.58669723e-02
1.32710189e-01
1.66102743e-03
-4.94742766e-02
6.60014451e-02
1.17129274e-01
-6.60512177e-03
1.24869198e-01
5.63504267e-03
-4.85662408e-02
-1.31819770e-02
-3.27268010e-03
1.41019532e-02
4.46802936e-02
-1.14463568e-01
1.27651796e-01
-3.97241600e-02
1.13776490e-01
-1.12048060e-01
7.38026500e-02
-1.99899189e-02
2.26697233e-02
-9.06486362e-02
9.24785808e-02
8.64893943e-02
6.54943064e-02
-7.68988803e-02
-7.66597688e-02
1.16244415e-02
-1.16630740e-01
-4.29277197e-02
1.17518313e-01
4.20878269e-02
-1.31231532e-01
2.55199168e-02
-6.43939571e-03
2.31845994e-02
-3.17998305e-02
5.76673597e-02
-9.47906375e-02
8.69487375e-02
8.27207565e-02
8.41955096e-02
-1.10803433e-01
4.83261272e-02
1.51988287e-02
-9.23344269e-02
9.35352594e-02
8.91342200e-03
-1.12375997e-01
5.09594791e-02
-1.24341004e-01
1.05382100e-01
-1.20367464e-02
-2.41713170e-02
6.61906004e-02
1.02130165e-02
5.20449243e-02
-1.28501551e-02
-5.79980537e-02
6.47493154e-02
3.35330442e-02
-7.32095167e-02
-4.40913066e-03
-5.87888546e-02
2.26872135e-02
8.28881934e-02
-4.78647742e-03
-2.26796791e-02
3.84819210e-02
9.71319675e-02
1.30994976e-01
-4.93500456e-02
5.38569167e-02
4.39802743e-02
-8.65450203e-02
8.27750713e-02
4.20921780e-02
4.00067531e-02
4.13599424e-02
-1.03774048e-01
9.56685841e-02
8.24385956e-02
9.33689922e-02
4.24749851e-02
7.60421306e-02
3.92980501e-02
1.96231268e-02
-1.05541341e-01
-8.68253112e-02
-7.43987784e-02
5.31170890e-02
-7.64506757e-02
-9.19125676e-02
1.05155118e-01
1.23659149e-01
-3.18745747e-02
9.61651579e-02
1.22406445e-01
-4.25580181e-02
2.47510336e-02
8.88617858e-02
-1.18802406e-01
-8.95250961e-02
4.68767472e-02
-1.33980662e-01
-1.36169940e-01
-9.16475505e-02
1.31650850e-01
8.40432495e-02
8.04851353e-02
8.81627128e-02
8.36706813e-03
-1.08490236e-01
6.08248971e-02
1.19285204e-01
3.99245881e-02
4.22010869e-02
7.03402609e-02
-7.85221756e-02
-9.88368914e-02
-9.29552466e-02
1.34207070e-01
1.28614053e-01
-5.24211749e-02
-3.58135649e-03
-9.82374474e-02
-6.46708533e-02
-1.16184317e-01
-7.20408186e-02
9.31934193e-02
9.47624817e-02
-2.90366188e-02
1.10308742e-02
4.91712131e-02
-1.64631046e-02
-9.77324843e-02
9.91844460e-02
-9.19981301e-02
1.42673776e-01
-2.51007564e-02
1.27337873e-01
-9.69634652e-02
9.28277373e-02
2.89876573e-02
-1.22942194e-01
-6.01389930e-02
-1.65502820e-02
1.02179900e-01
1.15637481e-01
5.81438616e-02
-3.13711204e-02
-9.25297439e-02
-6.44427091e-02
-7.50804394e-02
-3.96659076e-02
7.48612033e-03
-5.56348674e-02
-5.93436733e-02
-1.17534392e-01
8.04528221e-02
-2.48578992e-02
6.53954176e-03
3.80497202e-02
-1.21768340e-01
9.34017822e-02
5.95536307e-02
-4.59394380e-02
3.88615578e-02
1.98043376e-01
1.88761666e-01
1.79545194e-01
-3.07063073e-01
-1.37957945e-01
-2.37231672e-01
-1.22794203e-01
-2.45189354e-01
8.68355259e-02
-2.03481421e-01
-2.65251875e-01
2.46986821e-01
-2.70121187e-01
2.02535778e-01
-1.93569213e-01
2.06793323e-01
2.07129061e-01
-2.68664271e-01
-3.99284475e-02
9.66772735e-02
-8.66847113e-02
-1.33712202e-01
-1.49978146e-01
2.68881530e-01
3.34601756e-03
-2.60502130e-01
-1.47519350e-01
-6.26503006e-02
-7.55654350e-02
1.87071979e-01
7.51385391e-02
5.66288596e-03
1.56820595e-01
-1.19792193e-01
-2.24837065e-01
-2.32606575e-01
-1.58128798e-01
-9.29709971e-02
2.16778740e-02
1.14783399e-01
2.81161308e-01
-7.06114098e-02
1.33657858e-01
-1.51871637e-01
-6.14646301e-02
2.09331825e-01
-1.10109165e-01
-7.32363835e-02
2.27974147e-01
2.74181962e-02
-2.57230014e-01
2.00501636e-01
-1.87176272e-01
-9.50042382e-02
1.76856175e-01
-2.20242769e-01
-3.81672978e-02
1.94084316e-01
-3.14289890e-02
4.23224792e-02
-1.71511859e-01
-2.42946327e-01
7.95395523e-02
-4.10226844e-02
-2.76372880e-02
1.33240268e-01
-2.20697336e-02
-1.12328537e-01
-7.24163949e-02
2.98811402e-02
-6.66610599e-02
2.97372472e-02
1.64526299e-01
1.61583684e-02
-9.72138494e-02
-5.18109873e-02
-1.26078784e-01
1.48110494e-01
-1.87512130e-01
-4.16440107e-02
1.73108563e-01
-1.29961029e-01
1.44339884e-02
8.51034969e-02
3.57949324e-02
-4.17809263e-02
-5.86691918e-03
-4.25650887e-02
1.60848908e-02
-8.74414574e-03
1.04146171e-02
-1.17267899e-01
-1.72141984e-01
1.01009473e-01
1.28676534e-01
4.79561128e-02
1.62996314e-02
9.00058672e-02
-1.01090237e-01
-6.73384219e-02
-4.73281629e-02
-1.35621160e-01
2.41987575e-02
4.07822393e-02
3.77051495e-02
-4.24396768e-02
2.48216512e-03
-3.36765684e-02
1.61038823e-02
1.15980429e-03
-4.50487360e-02
2.04576505e-03
-2.55589150e-02
3.50739360e-02
-9.40578356e-02
1.08216666e-01
-1.97940972e-02
-4.50137109e-02
1.94592431e-01
-3.00915912e-02
5.49625792e-02
-6.29267842e-02
-6.41105920e-02
1.18955798e-01
-1.21664502e-01
-5.73373213e-02
1.86392397e-01
1.76120810e-02
7.85693750e-02
-1.95837040e-02
3.90626043e-02
1.08322024e-01
8.72748643e-02
1.76931843e-02
-2.42876131e-02
5.20992512e-03
5.74792922e-02
-7.99684748e-02
3.72415483e-02
4.30080965e-02
-7.17993453e-02
5.40018342e-02
-6.30012229e-02
6.36870563e-02
-2.04895958e-02
-7.13167712e-02
1.28920302e-01
-5.26270270e-02
-1.12232715e-01
8.23134780e-02
-6.89563528e-02
-5.71824946e-02
-3.17082889e-02
1.79585870e-02
-3.25875729e-02
1.23940744e-01
-6.33461727e-03
7.91165456e-02
-1.32825956e-01
5.78398304e-03
-8.75516608e-02
-9.27152932e-02
1.16351821e-01
5.93389533e-02
7.94353560e-02
9.71136913e-02
-8.64198878e-02
9.31925252e-02
9.62419435e-02
1.83505118e-02
-4.30987263e-03
1.20109208e-01
-3.58633362e-02
-4.92108613e-02
1.22951604e-01
-3.39407474e-02
-6.46131486e-03
-2.25322619e-02
-6.89017251e-02
-3.79758514e-02
-7.16135055e-02
-1.95687711e-02
-7.90617913e-02
9.99959260e-02
2.43442934e-02
-1.20397583e-01
-3.64720672e-02
8.78138170e-02
-5.89105114e-02
1.35290012e-01
4.70530279e-02
1.00952454e-01
5.26263155e-02
8.14117864e-02
-4.22522761e-02
-2.97714397e-02
6.48545055e-03
-1.12580694e-01
-2.97275037e-02
-1.22079916e-01
-3.85054611e-02
-8.47826526e-02
1.02900965e-02
2.18091607e-02
-1.32627843e-03
1.07429020e-01
-7.48088136e-02
1.44634753e-01
-1.17311617e-02
-1.35878086e-01
-1.45627305e-01
1.63465708e-01
3.23178829e-03
-2.28332747e-02
-8.87453649e-03
6.84377998e-02
1.61471620e-01
-4.59477007e-02
-1.36222705e-01
-1.46991178e-01
-6.37417659e-02
1.34309921e-02
1.02310795e-02
6.32876381e-02
1.10937856e-01
6.34822249e-02
-4.46321703e-02
-6.89571127e-02
5.03705330e-02
-7.43658021e-02
-5.97930998e-02
-2.81761009e-02
6.00541309e-02
-6.64389879e-02
-6.43894598e-02
2.20876057e-02
-4.57937941e-02
-2.21727472e-02
-1.42811060e-01
4.21706215e-02
1.10729791e-01
9.89888683e-02
-3.93224023e-02
-3.97095084e-02
4.45037223e-02
4.69480753e-02
3.00018564e-02
-8.63978937e-02
-9.04091299e-02
4.45165858e-02
-6.17700741e-02
-8.91473368e-02
-1.08930327e-01
-6.91791400e-02
7.75023475e-02
-1.37305334e-01
1.25455512e-02
-1.44593582e-01
6.54850230e-02
-8.10626671e-02
-7.73786977e-02
1.19839482e-01
1.07833013e-01
-1.05238050e-01
-6.59246370e-02
1.10502578e-02
2.04207245e-02
-1.08388871e-01
2.27494072e-03
-1.04196392e-01
1.06989518e-01
-1.03976868e-01
-1.15271499e-02
-6.07253723e-02
-5.67062236e-02
-1.24733485e-01
1.29671857e-01
1.40431359e-01
-8.17758515e-02
-1.41869679e-01
5.23458607e-02
-3.93012203e-02
5.57161979e-02
1.38580561e-01
1.92059167e-02
-6.55409992e-02
-6.54680282e-02
-2.46701427e-02
-3.74448895e-02
2.08446663e-02
1.20356329e-01
-4.08115536e-02
1.29644752e-01
1.27891704e-01
-8.24398696e-02
-1.02856658e-01
-8.23267177e-02
-4.40244675e-02
1.22420248e-02
9.63719636e-02
-8.96430984e-02
5.63323200e-02
-9.45063960e-03
1.25704426e-03
-7.12876320e-02
-9.57698002e-02
1.57940369e-02
-1.07358806e-01
6.53332323e-02
-2.28970814e-02
8.20742175e-02
6.83478173e-03
7.01803900e-03
-7.23191425e-02
1.21700704e-01
-7.77456611e-02
4.02751230e-02
8.85682255e-02
-2.64037829e-02
-2.34727692e-02
-4.93975133e-02
-2.14208007e-01
-1.24718904e-01
8.42746869e-02
5.35781123e-02
1.06701799e-01
8.07948858e-02
1.99597552e-01
-9.68436375e-02
1.09370917e-01
2.03339472e-01
-1.76573798e-01
3.15015242e-02
-1.01944298e-01
3.51781622e-02
-1.22732416e-01
1.12324879e-02
6.79279789e-02
5.56760542e-02
-4.70169969e-02
-2.07230542e-02
-2.98230127e-02
5.86225837e-02
-1.13910124e-01
-4.53229249e-02
9.44730937e-02
1.37312904e-01
4.37094597e-03
4.19638604e-02
-1.97096497e-01
-9.02464539e-02
-1.64064273e-01
-2.39823032e-02
-1.99458703e-01
1.40901376e-02
2.13245992e-02
1.88135147e-01
8.72045904e-02
-6.66817650e-02
-1.28947780e-01
-1.55031145e-01
1.20923303e-01
-9.95445177e-02
5.83568402e-02
1.43774435e-01
-8.78928229e-02
1.24404561e-02
2.01996639e-01
-1.78890049e-01
-1.11134946e-01
7.73698464e-02
-1.23433419e-01
-3.57883546e-04
1.82446465e-01
1.51801691e-03
1.95563026e-02
1.97840050e-01
3.86762656e-02
1.09694272e-01
-3.48647423e-02
1.87053397e-01
2.04014316e-01
-1.03593625e-01
-1.99515596e-02
3.55021060e-02
1.05850495e-01
-6.09153695e-03
3.16752493e-02
1.17484123e-01
8.75417814e-02
-2.71919593e-02
-7.20652863e-02
7.28643313e-02
-1.01782940e-01
-3.51589806e-02
-1.19280890e-01
-1.05408512e-01
-3.24953943e-02
4.02787440e-02
8.97894129e-02
8.17816332e-02
-8.79697353e-02
2.28421986e-02
6.57930085e-03
1.43223424e-02
-4.35219482e-02
-8.83882642e-02
-3.90101299e-02
7.20681064e-03
-1.47727737e-02
5.42938709e-02
9.39809904e-02
3.79591621e-02
1.21343629e-02
-4.72604036e-02
-6.73995838e-02
3.52387987e-02
4.17107604e-02
-1.13307513e-01
4.07680050e-02
-1.14892334e-01
-6.56306148e-02
1.14643507e-01
-1.07611890e-03
1.20043501e-01
-4.55660447e-02
1.03111163e-01
7.44402409e-02
7.35640153e-02
-6.52385727e-02
-2.25026906e-02
8.34282264e-02
7.83145130e-02
3.27104144e-02
8.67117643e-02
-9.77216810e-02
6.06867075e-02
-6.26422167e-02
-5.68350740e-02
1.16096132e-01
6.59831911e-02
-2.19658650e-02
4.45091501e-02
-7.32922032e-02
7.28972554e-02
-4.51972149e-02
-6.56648055e-02
7.78173730e-02
-8.99628326e-02
-1.32875368e-01
8.72307792e-02
-3.88554297e-02
-2.74873502e-03
-3.72012779e-02
-6.49217218e-02
3.54641750e-02
5.89219145e-02
7.12892637e-02
4.20176238e-02
-5.59177995e-02
-1.24563016e-02
7.00727403e-02
1.16758294e-01
-4.12524631e-03
-7.16409599e-03
2.49762810e-03
-5.43138199e-02
-6.03480078e-02
-5.71180917e-02
9.87593308e-02
1.34063922e-02
-9.52615514e-02
-1.22666964e-02
-6.79073036e-02
-7.84930438e-02
-3.87085341e-02
6.59507175e-04
6.73025250e-02
5.43063134e-02
-1.03353076e-01
-9.66410786e-02
6.35141879e-02
-1.08392805e-01
-5.25082648e-02
1.12998091e-01
-3.00916042e-02
7.48582706e-02
-5.33091836e-02
-4.16204780e-02
-7.57432869e-03
-2.92118341e-02
8.86233747e-02
4.66459394e-02
-9.81806498e-03
-7.74891526e-02
-6.31373823e-02
1.04040891e-01
4.82558608e-02
-7.86033198e-02
-1.28275380e-02
-5.16363531e-02
-1.50543684e-02
-4.98144031e-02
-7.09953681e-02
-1.16108079e-02
-4.39628810e-02
-2.21695192e-02
2.46373266e-02
9.83681530e-02
1.98590588e-02
-5.96253127e-02
-1.16418555e-01
2.62394734e-02
-8.45153704e-02
8.61769766e-02
-7.65809640e-02
-2.13881824e-02
1.73359830e-02
6.04615035e-03
-1.14450336e-01
7.27763623e-02
-5.96607737e-02
1.01407111e-01
-3.65634188e-02
9.85463262e-02
-4.48838174e-02
-1.19822808e-01
-7.75910914e-02
-4.30989265e-02
7.52340630e-02
-1.09512106e-01
1.10017747e-01
1.22716978e-01
-1.90369207e-02
-5.34165301e-04
7.93553963e-02
-5.89292943e-02
2.79405471e-02
-9.92579013e-02
-1.10615008e-01
3.72347124e-02
7.67116994e-02
-4.93278690e-02
-1.02890417e-01
9.94425789e-02
-9.56638828e-02
-1.67169105e-02
-7.60781858e-03
-7.47375265e-02
1.09170787e-01
-7.38656670e-02
1.13195047e-01
-3.07422969e-03
-9.31754559e-02
-3.98038886e-02
-2.30467375e-02
-5.56257069e-02
-8.03334042e-02
-8.79927874e-02
1.10929742e-01
1.25653416e-01
7.74477646e-02
6.34075776e-02
-8.98229182e-02
-5.66127859e-02
-3.18658724e-02
4.35690843e-02
5.19914329e-02
5.60553297e-02
-1.07443631e-01
2.92714778e-02
-2.48595495e-02
-1.00812301e-01
-7.69293457e-02
9.86503884e-02
-1.20861359e-01
-2.16010615e-01
-3.98164898e-01
-3.17381054e-01
2.91758984e-01
1.59374043e-01
3.27075332e-01
1.57690451e-01
1.93080053e-01
-3.49633664e-01
2.71225035e-01
1.74746230e-01
-2.54220277e-01
3.89544725e-01
-2.79018462e-01
3.06696445e-01
-2.36813679e-01
-1.90646484e-01
2.40521178e-01
2.80478448e-01
-2.83667862e-01
2.73444474e-01
2.00051934e-01
3.84545475e-01
-3.83432090e-01
-2.07767606e-01
2.34181970e-01
2.85154641e-01
2.94040293e-01
3.20306033e-01
-2.68663824e-01
-4.40196097e-01
-2.17238843e-01
-2.27731809e-01
-8.51398334e-02
3.74082744e-01
2.67731637e-01
2.97453910e-01
3.62910241e-01
-2.65624553e-01
-3.14565927e-01
-3.59171540e-01
3.86192828e-01
-3.87139708e-01
2.59025306e-01
1.53620973e-01
-2.79177338e-01
2.07317710e-01
2.23479301e-01
-1.60451666e-01
-3.50691110e-01
2.80456424e-01
-3.57251167e-01
3.68291944e-01
3.25046271e-01
-1.77784652e-01
4.16080385e-01
3.22620988e-01
-2.30802089e-01
3.70060414e-01
-4.13986921e-01
3.25054556e-01
2.08512247e-01
-1.73743859e-01
1.51590751e-02
2.05584639e-03
3.83251011e-02
2.43926831e-02
8.71470943e-02
-3.30496533e-03
2.33285297e-02
4.88569513e-02
8.98842067e-02
-9.36489254e-02
6.63809925e-02
5.17979078e-02
9.29374844e-02
-4.52144742e-02
-1.33230388e-02
8.75582024e-02
-3.61576341e-02
-9.27269682e-02
-8.55608806e-02
-1.23155881e-02
1.03059344e-01
-3.73325758e-02
-1.12638466e-01
-1.08967558e-01
9.89138782e-02
9.11552235e-02
-2.91055683e-02
-9.47479680e-02
-1.29541337e-01
1.22311627e-02
-4.17842828e-02
-7.82792494e-02
1.02968425e-01
-7.68710077e-02
4.72958386e-02
-9.39375311e-02
-4.87216264e-02
-7.91329443e-02
-6.29326329e-02
-4.91997413e-02
9.39802546e-03
-8.15508887e-02
7.54774883e-02
-8.16823989e-02
-9.10015963e-03
-1.07684776e-01
-6.83039427e-02
-1.33542895e-01
-1.08697154e-01
1.26058385e-01
-2.38141837e-03
-1.20938331e-01
-1.11614384e-01
1.05302744e-01
2.78584659e-02
4.37232740e-02
8.05356279e-02
-3.97464782e-02
-6.31558150e-03
-7.27996603e-02
1.26990154e-01
8.10598359e-02
-2.15468686e-02
-5.68962395e-02
1.03295617e-01
-6.71969429e-02
-1.52239371e-02
-3.49061494e-03
7.65449330e-02
-4.12439667e-02
-3.99903059e-02
-9.43278149e-02
-4.18973304e-02
-1.12501651e-01
-1.02147669e-01
-1.10241249e-01
8.57450813e-02
7.76087493e-02
9.72335488e-02
1.35190943e-02
-1.18821487e-01
8.71745422e-02
1.91209521e-02
1.99111402e-02
-1.13611087e-01
1.04812063e-01
-1.13627277e-01
4.12853248e-02
-4.53624055e-02
2.45729648e-02
8.94815624e-02
3.09030525e-02
-1.21885151e-01
-8.53989944e-02
3.35567892e-02
-1.19776428e-01
2.13317741e-02
-4.54295650e-02
2.89866496e-02
-9.83431563e-02
-1.31565616e-01
-2.18215063e-02
-5.43044358e-02
1.22797325e-01
9.77842137e-02
3.50103304e-02
-1.04648665e-01
-7.05545321e-02
-7.13845193e-02
-4.91294265e-02
5.85730225e-02
2.04155911e-02
9.34796706e-02
-7.91395903e-02
4.06235717e-02
-8.32303166e-02
5.90053499e-02
1.13818496e-01
-2.99874265e-02
2.50935107e-02
-2.31031999e-02
1.20783545e-01
-1.81047916e-02
-4.10881266e-02
-7.48601258e-02
3.17382850e-02
8.13302323e-02
-5.35085872e-02
-5.36170229e-02
9.82215479e-02
8.30101967e-02
1.03240907e-01
-1.29630953e-01
4.36921380e-02
8.93991813e-02
5.05706575e-03
1.14969222e-03
-8.95708520e-03
9.06196982e-03
9.66661721e-02
-7.41365328e-02
5.39864935e-02
-1.81977935e-02
-7.62159303e-02
4.62913066e-02
7.68937096e-02
6.06571138e-03
-1.13044776e-01
-1.08216815e-01
2.92554814e-02
3.75205427e-02
-1.14861175e-01
4.32500094e-02
-8.86159241e-02
3.20084058e-02
9.15466398e-02
4.20966521e-02
-9.34894290e-03
-2.74166325e-03
6.37984201e-02
3.13849188e-02
1.15453757e-01
4.66791093e-02
5.17701022e-02
6.62987158e-02
-9.25227031e-02
-9.34707746e-02
-1.01534082e-02
-8.52812529e-02
3.80608924e-02
-5.02580777e-02
-7.76554197e-02
-1.08641021e-01
9.75017771e-02
9.77101550e-02
-4.85485233e-02
9.05692279e-02
-8.25894903e-03
-7.53196403e-02
7.87258819e-02
1.12767061e-02
7.18291402e-02
-8.72616097e-02
2.08772533e-02
-9.15200114e-02
3.81635278e-02
-1.03395022e-01
1.02025509e-01
-1.42709306e-03
-8.47495645e-02
-1.07634127e-01
4.73454520e-02
1.06252208e-01
1.20070146e-03
5.69409542e-02
-4.33778279e-02
2.60579735e-02
-6.23285659e-02
-1.90420765e-02
1.00299887e-01
8.78700167e-02
-9.49548855e-02
-4.86927256e-02
-2.97268480e-02
-4.81285602e-02
-3.22524384e-02
2.35694442e-02
1.05825558e-01
-1.67982802e-02
3.94973345e-02
8.28982666e-02
3.96845862e-02
-7.43145645e-02
5.49464524e-02
1.00205913e-01
1.15546346e-01
-5.69123030e-02
9.26454831e-03
1.00342430e-01
-4.78141196e-02
7.33189210e-02
-9.50872377e-02
-1.02571808e-01
8.46992284e-02
2.96726786e-02
-6.47241175e-02
-2.01816838e-02
9.59411114e-02
5.77993318e-03
-5.35141453e-02
-9.82017070e-02
8.33893269e-02
6.99278116e-02
-4.45189606e-03
-5.28210141e-02
-7.34094605e-02
2.21442115e-02
-3.78994010e-02
-7.51877204e-02
3.12231500e-02
-1.14077665e-01
6.84487820e-02
-4.43372950e-02
1.29315317e-01
-8.27326551e-02
-7.38587528e-02
1.00380749e-01
9.79562327e-02
7.53622800e-02
-6.43734634e-02
-9.02458280e-02
-2.96739787e-02
2.02733483e-02
-9.41428989e-02
-5.33804819e-02
3.32557075e-02
1.53657598e-02
8.25823471e-02
5.81368282e-02
1.12102583e-01
-1.00722555e-02
1.33223176e-01
-2.17595547e-02
-9.71732214e-02
1.62795670e-02
7.88167566e-02
1.07648375e-03
4.86780033e-02
-3.96011285e-02
-8.66271630e-02
-9.16236341e-02
-9.37097743e-02
1.02867171e-01
7.60157406e-02
3.27954590e-02
7.99762681e-02
4.02686894e-02
-2.50746403e-02
3.51659575e-04
6.01337887e-02
-6.00752719e-02
-2.40645595e-02
7.34152496e-02
1.69875734e-02
-1.13305086e-02
-2.48237196e-02
-1.11029126e-01
-6.57351241e-02
-3.12948786e-02
1.00635670e-01
-3.65597755e-02
1.18996523e-01
1.24090791e-01
3.08105666e-02
4.99741472e-02
5.75055592e-02
-7.31764436e-02
4.36123684e-02
1.12930030e-01
-1.16062552e-01
1.04633965e-01
-6.14778511e-02
1.12647330e-02
-1.69744510e-02
-9.45710838e-02
-1.16519712e-01
-1.12254590e-01
-8.73248205e-02
2.67751589e-02
-3.48372273e-02
-4.36887629e-02
-1.73062067e-02
2.98450141e-05
-1.06456846e-01
-1.20743714e-01
-8.70283991e-02
-1.29097342e-01
6.40732348e-02
-2.49416567e-02
4.14083041e-02
-4.30458374e-02
-4.26161103e-02
1.73115470e-02
-5.56559954e-03
5.10088392e-02
5.76174259e-03
-1.14191398e-01
-4.20669354e-02
1.35323424e-02
4.30231765e-02
-4.00826894e-02
-5.80766574e-02
-2.04104129e-02
1.07095793e-01
-2.21297182e-02
7.48772249e-02
-9.15620402e-02
3.68542783e-02
-3.79969962e-02
-7.74226859e-02
-2.25696657e-02
9.31807887e-03
3.59589309e-02
1.52111668e-02
1.16480917e-01
9.69857201e-02
-4.19383533e-02
-4.09897156e-02
-5.77825233e-02
5.00414558e-02
1.22908100e-01
-9.93827283e-02
-6.62063807e-02
-4.16913517e-02
-4.14052866e-02
-8.50288197e-03
-1.02740102e-01
1.03226468e-01
4.66203690e-02
-1.01450861e-01
1.34218810e-02
7.91344717e-02
6.88579455e-02
6.16467707e-02
-3.31797078e-02
8.48987550e-02
-2.70041241e-03
-4.02401201e-02
9.46873650e-02
1.02776334e-01
5.36704883e-02
-7.32659623e-02
-2.68305326e-03
-8.67130160e-02
-1.22187115e-01
1.33257791e-01
-6.41754642e-02
1.94593538e-02
1.06344372e-01
3.60974460e-03
9.79435220e-02
8.72762352e-02
8.07913914e-02
5.15212156e-02
2.33773649e-01
2.70695299e-01
3.72724205e-01
4.00832623e-01
-3.80690664e-01
-1.65926486e-01
-3.16433221e-01
-3.67801398e-01
-3.72498184e-01
1.64498344e-01
-4.12808657e-01
-2.77494282e-01
2.19458282e-01
-2.78619647e-01
1.72382221e-01
-3.75645280e-01
2.66184926e-01
3.66703629e-01
-2.32147425e-01
-2.02267736e-01
3.54509056e-01
-2.93777168e-01
-3.88943046e-01
-2.96984762e-01
2.98095822e-01
3.99014741e-01
-2.22201765e-01
-1.90913171e-01
-2.37115800e-01
-1.58219710e-01
2.51811922e-01
3.43982190e-01
3.35194826e-01
3.00199747e-01
2.20221102e-01
-1.96918219e-01
-3.31212103e-01
-2.22766221e-01
-1.74525499e-01
3.85585606e-01
3.34536850e-01
3.20120960e-01
-2.72814006e-01
2.17368513e-01
-3.79125684e-01
-3.80555749e-01
3.81202251e-01
-2.99676925e-01
-2.06218153e-01
3.33526850e-01
2.24402785e-01
-1.62319005e-01
2.40790993e-01
-2.88733512e-01
-2.16185465e-01
2.52933592e-01
-3.47496867e-01
-3.96720499e-01
3.54993671e-01
-1.60318106e-01
3.31502318e-01
-2.00224593e-01
-3.20638895e-01
3.89479071e-01
8.24432969e-02
1.18569717e-01
2.05673814e-01
4.89208363e-02
-1.44553393e-01
-7.15788677e-02
2.91388389e-03
-1.10867344e-01
-2.10145324e-01
1.51329577e-01
-1.64820150e-01
-4.72798683e-02
1.63861290e-01
-2.26044888e-03
1.59325391e-01
-1.08520441e-01
1.87781051e-01
1.95199564e-01
4.70536947e-03
-8.67726952e-02
1.62596270e-01
-6.60497844e-02
2.38517802e-02
-1.24617256e-01
-8.61352310e-03
5.23226634e-02
2.08405405e-02
-1.14288419e-01
-1.35045111e-01
-7.83983693e-02
1.43774644e-01
1.64812028e-01
1.88955292e-01
8.71329755e-02
2.33221874e-02
-8.84583741e-02
1.43596409e-02
-1.06915005e-01
-1.81052759e-01
2.01945692e-01
1.06286094e-01
1.92637905e-01
-1.98257834e-01
-1.64966215e-03
-7.84049854e-02
2.97668800e-02
1.85446218e-01
-9.07567814e-02
-1.75672904e-01
2.12452471e-01
2.11142913e-01
-1.73224381e-03
1.67804718e-01
-1.39858291e-01
-1.87180731e-02
6.64872825e-02
-8.48157555e-02
-8.49728733e-02
-7.07623409e-03
-1.97272003e-01
1.12370834e-01
-1.82933714e-02
-1.72148228e-01
1.79106239e-02
-5.64933419e-02
2.13550087e-02
-5.76002002e-02
8.12895447e-02
1.27442302e-02
2.53144987e-02
-4.09641154e-02
5.60002681e-03
-6.54898211e-02
-3.09775136e-02
5.73063456e-03
-6.55951425e-02
1.11853808e-01
-1.11195566e-02
-7.51754045e-02
9.19090584e-02
-4.34371606e-02
1.80748422e-02
-1.29512355e-01
6.63913880e-03
1.10846549e-01
-8.29825252e-02
-1.01434343e-01
-1.50084589e-02
2.85804607e-02
2.51190364e-02
9.59597826e-02
-8.80904943e-02
3.78353819e-02
3.03855166e-03
8.55056569e-02
-1.10544197e-01
6.23209514e-02
9.81948078e-02
3.25594246e-02
3.63704888e-03
1.27702594e-01
-6.06724247e-02
1.17568359e-01
-2.04919800e-02
9.73391607e-02
9.96346101e-02
7.15845004e-02
1.12380482e-01
8.71739239e-02
1.24060353e-02
-2.99272444e-02
-2.32988261e-02
1.10515272e-02
-8.82760957e-02
4.83518280e-02
9.72124189e-03
9.20324475e-02
1.71804316e-02
-4.72777858e-02
-7.17030168e-02
-3.62359956e-02
-1.21629603e-01
-8.08626264e-02
-1.06555887e-01
-6.21346273e-02
-9.05015990e-02
-9.62318853e-02
-4.89799492e-02
1.52726963e-01
1.00971507e-02
1.30198881e-01
-2.69388817e-02
-1.25345305e-01
5.09753264e-03
-2.06620604e-01
-8.03791210e-02
-7.04341531e-02
4.99048494e-02
-9.54068527e-02
-9.78284627e-02
1.81178153e-01
-1.53127387e-01
1.06494978e-01
-1.41640335e-01
6.98998719e-02
-1.38174035e-02
-3.39450426e-02
-1.58256128e-01
-3.01237241e-03
-1.71776563e-02
-1.91815291e-02
-2.68874224e-02
-1.38007728e-02
1.10800564e-01
-8.54258761e-02
-5.14087006e-02
-3.82318385e-02
-1.74611554e-01
7.85936564e-02
-5.97644225e-03
-5.41463029e-03
-2.34691873e-02
3.39875557e-03
-3.97159681e-02
-2.06801787e-01
-9.77789387e-02
-8.14693421e-02
1.33070633e-01
1.23747677e-01
6.94667026e-02
-2.97929044e-03
3.41938585e-02
-1.43540427e-01
-2.03780517e-01
3.17960642e-02
-1.60831764e-01
-8.70128721e-02
-3.07819750e-02
9.46574435e-02
-1.17821775e-01
2.86523346e-02
-1.82714805e-01
-5.35652302e-02
1.27377525e-01
-1.88607946e-01
-2.55724397e-02
2.11536989e-01
-1.19469583e-01
6.99923933e-02
2.04782598e-02
-2.27677643e-01
1.35838553e-01
-1.80215836e-01
-2.87665576e-01
-2.42358074e-01
-2.34871894e-01
1.79137781e-01
3.08650643e-01
2.60536194e-01
1.97503984e-01
1.94594175e-01
-2.58553565e-01
3.73666078e-01
3.46792996e-01
-2.06467390e-01
2.86838353e-01
-3.92425209e-01
1.93559647e-01
-1.45611763e-01
-3.74925077e-01
3.34747940e-01
2.08692119e-01
-3.00397933e-01
3.10621858e-01
3.25541019e-01
1.82002798e-01
-2.72797704e-01
-3.21746886e-01
3.28727901e-01
2.50060171e-01
2.74171203e-01
3.46656680e-01
-2.71986723e-01
-2.55263418e-01
-1.55239299e-01
-2.59776056e-01
-4.41112854e-02
3.89993876e-01
3.88127983e-01
2.16054797e-01
1.73606515e-01
-2.89388031e-01
-2.00401992e-01
-3.77232820e-01
3.27026695e-01
-1.44073665e-01
3.00147116e-01
1.69330373e-01
-1.75515994e-01
1.93441823e-01
1.88933074e-01
-1.84473485e-01
-3.83158684e-01
1.73572421e-01
-3.04436862e-01
1.88687950e-01
1.40173018e-01
-3.35163683e-01
3.29445153e-01
3.48110437e-01
-2.43512213e-01
3.31439137e-01
-3.66004318e-01
3.10499877e-01
2.18245611e-01
-3.23492199e-01
8.29305872e-02
-4.83770147e-02
9.32666734e-02
1.16340458e-01
1.35694062e-02
-1.01760313e-01
5.78702837e-02
6.54075742e-02
2.39920821e-02
-3.35444766e-03
-9.80930701e-02
-5.35412133e-02
6.01978600e-02
-9.96658206e-03
3.77730057e-02
-8.09279159e-02
1.01865768e-01
1.14362843e-01
-1.39105394e-01
8.33379701e-02
-1.43455045e-05
1.03621483e-02
-1.24499932e-01
6.22874759e-02
-6.51515946e-02
-6.07725568e-02
5.54400124e-02
-1.03822522e-01
-7.41145164e-02
-4.15398106e-02
1.13579236e-01
3.15597653e-02
-3.53703252e-03
7.47970343e-02
-1.64513215e-02
-8.40228647e-02
-8.21278617e-03
4.45980020e-02
8.49780440e-02
-1.13469362e-01
1.07045896e-01
1.08100794e-01
-1.10736705e-01
-1.08766697e-01
-6.56291796e-03
-1.25840589e-01
-1.06751047e-01
6.32176548e-02
-1.13023669e-02
9.24755707e-02
2.22945083e-02
-1.09835744e-01
5.22193126e-02
3.84601578e-02
-3.46935429e-02
-3.03215049e-02
-9.16910637e-03
-5.65810502e-02
-6.31623790e-02
7.42723942e-02
5.59218170e-04
-9.67163593e-02
8.29143524e-02
-6.66613057e-02
-6.02740571e-02
-2.50994624e-03
3.80515829e-02
3.96491922e-02
-4.38451730e-02
-6.37955870e-03
-3.13121341e-02
1.45091796e-02
-1.23048900e-02
-1.04555167e-01
-1.09621949e-01
1.76317245e-02
-8.69010855e-03
5.71692400e-02
7.86446482e-02
1.82771292e-02
-8.60095546e-02
2.17886013e-03
1.14217557e-01
3.38814408e-02
-2.80449651e-02
1.43822171e-02
6.48051053e-02
-9.13847908e-02
8.56701508e-02
-1.00104421e-01
1.62161905e-02
3.71836014e-02
-7.43537396e-02
9.41808969e-02
-5.77489138e-02
-7.12857917e-02
-3.18623781e-02
-1.15504883e-01
5.97162312e-03
5.72930723e-02
-6.34723157e-02
-1.52994702e-02
-6.04447946e-02
1.25252539e-02
-1.39358073e-01
-1.35427028e-01
5.72105870e-02
-6.31169602e-03
-3.31533663e-02
4.69353795e-02
-5.06857820e-02
9.47400779e-02
4.79577556e-02
3.51714529e-02
3.89590599e-02
-6.53825998e-02
4.93102409e-02
6.53707655e-03
-1.05112726e-02
-6.93617985e-02
-2.29560826e-02
3.25037763e-02
-2.36149244e-02
-8.64849314e-02
-9.68699306e-02
1.19327456e-02
1.19469531e-01
-9.35890526e-02
6.70374483e-02
1.43221259e-01
-1.08633563e-01
-1.13584332e-01
-1.30270213e-01
1.09373622e-01
-1.37603641e-01
-1.25108451e-01
-8.15760791e-02
8.16308260e-02
1.01954654e-01
-1.81213692e-02
-3.79186822e-03
2.59593204e-02
3.28192078e-02
3.72683220e-02
2.60777064e-02
1.38638159e-02
2.07260437e-02
1.61589007e-03
-1.27330665e-02
1.25341339e-03
5.77553548e-02
6.14831857e-02
-5.60172759e-02
2.86736079e-02
-5.29674487e-03
-1.17209367e-01
2.11079493e-02
-1.04535960e-01
4.02708873e-02
3.53092700e-02
6.87132180e-02
-3.06745302e-02
1.02906734e-01
-1.14249736e-01
-8.13431758e-03
4.28087488e-02
-6.89803883e-02
5.02196550e-02
-8.47540796e-02
3.54852937e-02
6.93700761e-02
8.22345316e-02
-3.94507032e-03
-5.37116751e-02
1.36374176e-01
7.92682040e-05
-4.89137284e-02
-1.95037033e-02
-4.40619774e-02
-5.01727387e-02
4.16134186e-02
5.16039655e-02
8.57776105e-02
2.88427807e-02
-7.78755844e-02
3.68751548e-02
8.13491493e-02
-7.57747516e-02
2.88804527e-02
9.90344957e-02
2.64619365e-02
-1.03091002e-02
-8.62991512e-02
-1.22843914e-01
-2.86723077e-01
-1.25980943e-01
3.04619759e-01
9.75991115e-02
1.07096866e-01
7.13018551e-02
1.67858556e-01
-2.33468622e-01
1.10836066e-01
3.57863605e-01
-1.68400392e-01
2.37432942e-01
-1.21310376e-01
1.97930619e-01
-2.60160476e-01
-7.40010068e-02
3.09825271e-01
2.66900420e-01
-2.85866886e-01
1.37384996e-01
2.79696405e-01
2.45534912e-01
-1.43186972e-01
-4.41226140e-02
1.86305910e-01
9.93088260e-02
1.40779451e-01
2.92520285e-01
-1.99890152e-01
-2.72870928e-01
-9.13995653e-02
-1.88796714e-01
2.82042831e-01
1.97498515e-01
1.57507017e-01
1.35249287e-01
1.49048060e-01
-2.36512408e-01
-1.52412370e-01
-2.79416353e-01
1.21971928e-01
-2.88158834e-01
1.02576554e-01
2.88936019e-01
-2.16237381e-01
3.33549768e-01
1.81271657e-01
-1.21867605e-01
-1.96961984e-01
2.34322295e-01
-2.54225373e-01
3.17022979e-01
2.46494249e-01
-2.46192038e-01
3.08763832e-01
1.77071929e-01
-2.85625994e-01
7.93660879e-02
-2.14331567e-01
1.75546169e-01
2.08272144e-01
-1.52733892e-01
6.42688200e-02
6.12892723e-03
8.75555798e-02
1.43642172e-01
-2.09170997e-01
1.07402280e-02
-6.98942840e-02
-9.43110362e-02
2.62796669e-03
1.89578071e-01
-2.12504134e-01
-1.08211301e-02
3.15823704e-02
-1.65333867e-01
1.23553112e-01
-1.10981204e-01
-1.44909946e-02
5.87128997e-02
-1.91447556e-01
-6.59584105e-02
2.51935497e-02
-7.31017143e-02
-7.33943284e-02
1.36532281e-02
6.70838682e-03
1.00750230e-01
-3.14378515e-02
-5.48943430e-02
-1.25661520e-02
-2.08248392e-01
5.99093661e-02
8.80519394e-03
6.96265474e-02
1.74416322e-02
1.34005308e-01
-1.09085590e-01
-1.09943293e-01
-4.59047146e-02
9.23239160e-03
1.06179044e-01
7.77118951e-02
1.65410236e-01
-1.66478485e-01
1.63215488e-01
-4.81699267e-03
-1.97440907e-01
1.44949323e-02
-1.50469750e-01
-6.07107393e-02
2.28536531e-01
7.28209093e-02
-1.86797887e-01
1.75832361e-01
-6.41217381e-02
-9.73472372e-02
1.01566702e-01
1.16995499e-02
-9.26657394e-02
1.49198562e-01
-2.05142379e-01
8.89790878e-02
-3.32771316e-02
-3.66994664e-02
2.26062626e-01
2.03064919e-01
1.11772306e-01
1.17031552e-01
1.21084943e-01
-7.55556375e-02
-1.04514264e-01
-1.79169849e-01
-2.22245008e-01
-2.30404865e-02
1.17029157e-02
-1.51262403e-01
4.19663871e-03
1.40649810e-01
2.40294583e-04
1.41619056e-01
-1.74131915e-02
1.35104343e-01
1.75043389e-01
-7.91368484e-02
-5.72428852e-02
1.11303269e-03
-4.04782072e-02
-1.10129625e-01
-5.47214560e-02
7.90553764e-02
1.30074084e-01
-1.67192578e-01
-1.52105823e-01
-1.33688316e-01
-2.10727707e-01
6.85229078e-02
2.80214678e-02
5.06043509e-02
1.11928701e-01
1.92463428e-01
-6.11300021e-02
-3.00129671e-02
-5.67086637e-02
-1.36935106e-02
1.83517691e-02
4.84688841e-02
2.12545514e-01
-2.33661383e-01
2.48433396e-01
-2.25127339e-01
-2.02852428e-01
2.85435095e-03
-7.93461651e-02
-1.50879174e-01
6.81846887e-02
8.54423195e-02
-1.90711036e-01
2.12359443e-01
-2.02505961e-01
-1.93298429e-01
2.31547743e-01
-4.88483980e-02
-3.14039662e-02
1.01188578e-01
-1.44601509e-01
2.09246904e-01
-1.73961967e-01
-2.03384846e-01
1.10262290e-01
3.73695642e-02
1.87043294e-01
1.70623243e-01
-2.61970442e-02
-1.34259820e-01
7.26774754e-03
-1.80766685e-03
-9.74397510e-02
-1.69705674e-01
1.41815960e-01
4.02747691e-02
-1.97765782e-01
-4.69073430e-02
-4.99459095e-02
1.72307476e-01
-1.36203766e-01
-9.22386069e-03
3.03429477e-02
-4.71482240e-02
-6.29618466e-02
1.70103639e-01
-5.25374860e-02
6.98589534e-03
-5.64656891e-02
8.67684111e-02
-2.10537799e-02
1.80903263e-02
-3.70529778e-02
-5.67454509e-02
-2.96640564e-02
7.45713711e-02
1.45815061e-02
-4.15234268e-02
9.28334985e-03
-5.48339710e-02
-1.75486088e-01
-1.82359844e-01
-8.15638825e-02
1.94712095e-02
1.22423179e-01
-3.90002243e-02
5.36394119e-02
-1.52689661e-03
1.84850320e-01
-9.48119462e-02
-1.19066484e-01
-2.79578138e-02
-4.08073366e-02
-7.42981806e-02
-1.33887464e-02
7.86379129e-02
-5.13235144e-02
8.69124308e-02
-1.80191159e-01
-1.22148886e-01
8.23886469e-02
-7.10938200e-02
-1.24689855e-01
9.88266543e-02
-2.83363089e-02
1.91373408e-01
3.67995538e-02
-1.57104388e-01
1.18833609e-01
8.16524997e-02
1.45542286e-02
5.49845472e-02
4.09262963e-02
-1.13943689e-01
-1.39876157e-01
-1.54034883e-01
1.34507171e-03
-1.98265731e-01
2.56256238e-02
-3.33865732e-02
-6.98502455e-03
2.21241906e-01
-3.04800905e-02
3.27625684e-02
-1.18190885e-01
5.24682291e-02
1.21041216e-01
-1.62946373e-01
-1.74667343e-01
1.45452246e-01
-2.01081723e-01
-2.70785857e-02
-1.88683242e-01
-2.86127012e-02
1.66969057e-02
-6.82779849e-02
-6.55772462e-02
-9.58688557e-03
-6.94360584e-02
1.49260312e-01
-2.13714084e-03
8.69565010e-02
6.10194094e-02
1.29353061e-01
-6.06833026e-02
-3.13601136e-04
-1.50966600e-01
-1.77108124e-01
1.97324753e-01
2.09443972e-01
1.92966193e-01
-4.06204090e-02
3.65940034e-02
-1.35826558e-01
-1.17642231e-01
2.34790146e-02
-1.94462001e-01
1.71655265e-03
2.07833067e-01
2.41323948e-01
-8.92183802e-04
3.87805402e-02
7.83712324e-03
-9.32307821e-03
5.04713207e-02
-8.99969637e-02
-6.82858517e-03
4.99373823e-02
-5.61631620e-02
2.22622484e-01
-1.54900299e-02
-1.25261113e-01
1.33808851e-01
2.05994304e-02
-3.23528424e-02
-1.12237357e-01
-1.19539052e-01
1.32011890e-01
8.13689530e-02
9.39997435e-02
8.67543966e-02
-1.03197388e-01
5.29719591e-02
1.38654336e-01
2.86358669e-02
8.97185039e-03
-7.62493834e-02
5.21664396e-02
1.35720700e-01
-9.75477770e-02
7.03396052e-02
8.84155333e-02
3.42069119e-02
1.72215719e-02
9.07481275e-03
-7.51775801e-02
-4.77865078e-02
-1.08765393e-01
-3.39525975e-02
8.59868526e-02
-5.89781739e-02
5.52907027e-02
1.15454353e-01
6.73504397e-02
-1.13664031e-01
1.82187185e-03
-1.24829687e-01
-9.41523239e-02
-8.91408250e-02
-6.42444417e-02
4.61463109e-02
-2.41053551e-02
-4.91253100e-02
-7.22543597e-02
-1.11992218e-01
1.09430505e-02
-7.68905208e-02
-7.35420585e-02
1.32777512e-01
-1.09884585e-03
1.25568882e-01
6.42845854e-02
-1.23599805e-01
-4.37163264e-02
1.42059788e-01
-1.30666301e-01
9.87630710e-02
-1.07300356e-01
7.15435371e-02
-8.45785961e-02
-1.21543761e-02
6.06353320e-02
-5.65782487e-02
4.11069719e-03
-9.69348326e-02
-1.09931931e-01
9.90105420e-03
-2.13942286e-02
-5.24392501e-02
-1.32087007e-01
-3.45504656e-02
-3.63869183e-02
7.29373377e-03
-4.77644317e-02
1.18461810e-01
-6.67318031e-02
3.27899344e-02
1.02926046e-01
1.03634119e-01
6.54201210e-02
-2.04536691e-02
-2.41007172e-02
2.86849006e-03
-6.27946183e-02
-7.43665621e-02
8.69389921e-02
1.02670901e-02
-7.03982543e-03
3.57425176e-02
3.68005433e-03
-7.54752681e-02
-3.74382846e-02
-8.35416019e-02
3.08395959e-02
-1.23700798e-02
2.30664909e-02
8.68847892e-02
1.09335855e-01
1.05987079e-01
-4.76188399e-02
-4.49180603e-02
-8.77160877e-02
-9.51043367e-02
-5.42783849e-02
1.21724717e-01
7.02667311e-02
-1.07950762e-01
1.04050472e-01
1.04949372e-02
-4.63943221e-02
-8.67951736e-02
-6.59752414e-02
2.24484876e-02
-1.16187327e-01
1.18548617e-01
-4.57350947e-02
-1.32327422e-01
-2.75271814e-02
1.06510013e-01
-9.53243673e-02
-6.72513768e-02
3.70079093e-02
-1.03459857e-01
6.09691851e-02
2.15074979e-03
-3.62970382e-02
-3.76798287e-02
4.87728417e-02
-3.47476266e-02
-1.06340520e-01
-1.95581503e-02
3.68237426e-03
9.68652144e-02
-1.53850904e-02
1.86937340e-02
2.55082808e-02
2.60452572e-02
1.18969470e-01
8.59786868e-02
5.76027334e-02
1.31692942e-02
-1.13172516e-01
1.05960660e-01
4.27783612e-04
2.85772458e-02
7.93070123e-02
-6.79045022e-02
3.08665577e-02
-9.46318731e-02
-1.03700995e-01
-1.09316967e-01
3.66385318e-02
1.01094209e-01
9.84506831e-02
-4.99199033e-02
-7.66207650e-02
2.26819925e-02
-9.78820622e-02
-4.19237986e-02
-8.68069846e-03
-1.13445297e-01
-5.58507666e-02
-4.36453559e-02
4.68469821e-02
-9.06004086e-02
-3.78432833e-02
-8.12321007e-02
8.60144272e-02
-2.59297304e-02
6.85668439e-02
4.86538336e-02
-6.68661520e-02
6.05415367e-02
-1.08573968e-02
-4.11237925e-02
8.45098868e-03
-1.00238785e-01
1.03293024e-01
1.31013719e-02
-2.94041615e-02
8.20322707e-02
-5.19593395e-02
-6.96966201e-02
-1.00001499e-01
2.85457447e-02
-2.57592350e-02
-6.97215050e-02
-4.83409166e-02
3.05198822e-02
-7.90974572e-02
3.69652994e-02
1.11929335e-01
1.07654110e-01
-1.10189959e-01
-2.95499265e-02
1.69532106e-03
6.50771111e-02
1.18271858e-01
-6.65740147e-02
5.87966666e-02
-1.04798719e-01
-1.26284599e-01
-8.26499090e-02
1.03568569e-01
9.80175957e-02
6.42764792e-02
-8.79755989e-02
-2.83365394e-03
-1.04554296e-01
-2.64412072e-02
6.66463599e-02
-3.92981358e-02
-1.17737412e-01
-2.18153484e-02
-7.03656748e-02
-7.80429989e-02
4.19642730e-03
-1.80174522e-02
2.90133432e-02
4.10616584e-02
-5.09973839e-02
-4.91609499e-02
-6.39110953e-02
1.12024575e-01
3.55593897e-02
6.11372404e-02
5.92055172e-02
-9.51476395e-02
-8.10933262e-02
-1.76695362e-02
-3.94949019e-02
3.94456871e-02
1.96970161e-02
-8.63893926e-02
-2.11565252e-02
1.56976264e-02
2.07041600e-03
-8.23738202e-02
8.24949071e-02
-2.29001641e-02
-7.71513954e-02
-4.33997158e-03
7.63937831e-02
-5.35244606e-02
3.70303765e-02
-7.77603835e-02
-6.73875064e-02
9.08532143e-02
-8.65610912e-02
-2.47771293e-02
2.27979068e-02
-6.85329139e-02
-6.52487203e-02
-1.25411600e-01
4.84462082e-02
5.61587289e-02
-7.00329691e-02
-8.66341963e-02
-1.14699766e-01
1.28194198e-01
-1.01369195e-01
2.76706871e-02
-1.41546186e-02
-4.11071070e-02
8.55740607e-02
5.30045591e-02
-1.17704600e-01
7.72488490e-02
1.22885965e-01
-8.03958550e-02
2.59337109e-02
-3.21366675e-02
-7.92676881e-02
-1.50465164e-02
2.07536984e-02
1.09616399e-01
-8.08869153e-02
8.15111324e-02
-3.55560109e-02
6.49230704e-02
1.14166871e-01
3.44396979e-02
8.82465318e-02
1.15361392e-01
8.10924917e-02
-6.05526045e-02
-1.05988972e-01
-1.63302347e-02
-5.79790659e-02
-4.00653556e-02
-4.68758047e-02
-1.72085296e-02
-1.02844007e-01
-3.70809734e-02
-1.04403190e-01
2.01179031e-02
5.35126776e-02
5.16897589e-02
-7.51466379e-02
1.28767043e-01
-1.76188108e-02
-4.63628173e-02
2.86035101e-05
-8.45760033e-02
4.77912426e-02
6.14630207e-02
-3.16102356e-02
-1.12966346e-02
4.73418012e-02
6.78763762e-02
-6.27326667e-02
1.30361646e-01
1.12398993e-02
-3.46706733e-02
-1.69494376e-02
-1.01790234e-01
5.74319586e-02
6.74740747e-02
-3.65734585e-02
-1.27876839e-02
9.72907320e-02
6.91820309e-02
8.42150301e-03
-1.92172006e-01
-3.58421534e-01
-5.65647125e-01
-5.07887721e-01
4.08438206e-01
3.31826448e-01
3.38036150e-01
3.21588516e-01
4.28990275e-01
-5.34307122e-01
3.34950030e-01
5.91906846e-01
-5.49751818e-01
5.44779956e-01
-4.69152778e-01
4.49962527e-01
-3.36059123e-01
-4.99400020e-01
3.58988553e-01
5.55624485e-01
-5.88590503e-01
3.81883740e-01
4.27204698e-01
5.50450504e-01
-3.45899135e-01
-3.00484806e-01
3.27829808e-01
4.87659425e-01
5.23102939e-01
4.55670059e-01
-3.58990639e-01
-5.86596429e-01
-4.14512157e-01
-4.40515459e-01
-1.81826070e-01
5.11783957e-01
3.63880783e-01
4.56879824e-01
3.77529919e-01
-3.46213758e-01
-4.28028822e-01
-4.30959046e-01
4.53192204e-01
-4.07689422e-01
4.56988692e-01
3.41930985e-01
-3.89894694e-01
4.38735604e-01
4.05510992e-01
-3.74271810e-01
-4.34534818e-01
5.71161747e-01
-4.36564863e-01
5.46702385e-01
4.73351389e-01
-5.51802933e-01
3.43926281e-01
4.06214386e-01
-4.36262339e-01
3.44403356e-01
-4.85120416e-01
5.53258896e-01
5.86019814e-01
-4.22630996e-01
4.63743247e-02
1.57608032e-01
1.50698926e-02
-2.72863768e-02
-1.73947468e-01
-8.84762108e-02
-6.33773729e-02
-6.06950149e-02
3.09166070e-02
2.51179165e-03
-1.02068245e-01
-7.38577694e-02
1.37749225e-01
-3.88626754e-02
1.31576002e-01
-9.58400369e-02
7.57336393e-02
4.54074964e-02
-6.56444952e-02
-3.46116684e-02
2.86053102e-02
-8.36865231e-02
1.51721183e-02
-1.13950580e-01
1.09676398e-01
3.01231612e-02
3.66998115e-03
1.50000192e-02
-1.84387982e-01
3.91766354e-02
-2.25062277e-02
2.33762059e-03
1.74776837e-01
7.74617940e-02
1.85692102e-01
-1.82143040e-02
3.43491323e-02
-9.52453762e-02
-1.65243432e-01
1.73080683e-01
1.64535969e-01
-1.06515521e-02
-1.18149735e-01
1.08080074e-01
-1.04106121e-01
-1.53583571e-01
-3.40082347e-02
-1.25691116e-01
-1.26363143e-01
1.38916790e-01
1.51461095e-01
-1.92604616e-01
-4.06465842e-04
4.19084020e-02
-2.01777872e-02
6.68870211e-02
3.81278619e-02
1.36684552e-02
6.37591407e-02
6.59445534e-04
3.73629690e-03
-1.63520053e-01
-2.93940096e-03
1.67551696e-01
-1.03947865e-02
-8.59062672e-02
-2.41311900e-02
1.26118392e-01
-1.61471702e-02
3.93836126e-02
-4.97017242e-02
-7.14392960e-02
9.29251313e-02
5.49551472e-02
1.01843968e-01
-5.40358499e-02
3.67032327e-02
-2.52679400e-02
5.17238602e-02
-3.43605578e-02
-1.90608166e-02
-3.47581506e-02
5.20453937e-02
9.15561542e-02
-1.40418997e-02
-7.42059201e-03
-3.93194333e-02
6.85230047e-02
1.28406376e-01
-8.32124725e-02
-5.47011793e-02
6.35633394e-02
8.28789398e-02
1.01429969e-01
9.59720055e-04
-1.02580830e-01
-1.74199592e-03
-6.94853291e-02
8.09294730e-02
6.37363493e-02
2.95835249e-02
-2.54970640e-02
-9.28485543e-02
-6.04333170e-02
-4.63679060e-02
9.12093669e-02
8.70992523e-03
1.74452141e-02
-2.72363108e-02
-5.56204244e-02
1.38342828e-01
9.70955044e-02
-1.11746818e-01
-4.73906696e-02
-3.05086039e-02
5.95797189e-02
1.13406390e-01
-7.89158642e-02
-4.17720675e-02
-2.91840150e-03
4.29851785e-02
-4.98775626e-03
-6.36919439e-02
-2.04328336e-02
1.05659172e-01
7.11955503e-02
6.39731660e-02
-9.16255042e-02
2.46794954e-01
2.45802298e-01
1.04022875e-01
9.99473110e-02
-1.46435946e-01
-1.52132928e-01
-1.86170593e-01
-1.18128337e-01
-7.59629905e-02
2.74659961e-01
-1.83235213e-01
-1.07377604e-01
1.79299116e-01
-1.14132404e-01
2.78122365e-01
-3.10422689e-01
1.11748375e-01
3.03768724e-01
-2.44426832e-01
-1.91903591e-01
9.48462263e-02
-8.71905759e-02
-2.89446086e-01
-3.05751085e-01
3.11338007e-01
2.04800889e-01
-1.30238548e-01
-2.92787701e-01
-6.56935051e-02
-3.04210395e-01
1.90727815e-01
1.29121155e-01
2.06661507e-01
1.21247724e-01
1.45608664e-01
-3.11097383e-01
-2.65289336e-01
-1.67419061e-01
-1.59035861e-01
1.02514915e-01
2.00772330e-01
3.00122976e-01
-2.16020450e-01
1.39898092e-01
-1.38530478e-01
-8.09858143e-02
1.39727414e-01
-1.13249645e-01
-2.93023288e-01
2.92405814e-01
1.67528957e-01
-3.08673650e-01
1.16621129e-01
-1.70802712e-01
-2.60116041e-01
3.14823836e-01
-1.91433966e-01
-1.60216942e-01
7.26332963e-02
-2.45512739e-01
1.65028647e-01
-2.45656833e-01
-2.70143211e-01
2.43804947e-01
3.56245726e-01
4.18950558e-01
3.59645069e-01
5.22125483e-01
-4.48471189e-01
-5.22646368e-01
-5.33646643e-01
-3.88165325e-01
-4.08217400e-01
5.19355893e-01
-3.58972490e-01
-5.26192963e-01
3.90566945e-01
-4.34327424e-01
4.68151033e-01
-4.55832124e-01
5.18243432e-01
3.37203413e-01
-5.58983028e-01
-3.40724021e-01
5.97257793e-01
-4.00215626e-01
-3.30444068e-01
-3.94692749e-01
3.91070485e-01
3.78067791e-01
-5.31512141e-01
-4.12400931e-01
-4.53519970e-01
-4.20643270e-01
5.03874302e-01
4.44966227e-01
4.05118316e-01
4.15763438e-01
-1.62101090e-01
-3.87608260e-01
-5.34269810e-01
-4.68704939e-01
-3.97448868e-01
4.47432309e-01
3.78942251e-01
4.48995143e-01
-4.01182860e-01
4.46308136e-01
-4.42170650e-01
-4.77532655e-01
5.14719486e-01
-4.96477991e-01
-4.56495047e-01
3.33223671e-01
5.74663341e-01
-4.83472079e-01
5.50187290e-01
-4.85309154e-01
-4.12235260e-01
3.69301736e-01
-3.97771329e-01
-5.28360009e-01
3.99677664e-01
-5.48236787e-01
5.58043778e-01
-4.70146477e-01
-5.56291044e-01
3.17695916e-01
-1.57143265e-01
-1.80670917e-02
-1.39615208e-01
-1.75038964e-01
4.80245091e-02
1.11634955e-01
1.43059358e-01
1.10995804e-03
6.09221868e-02
1.50326313e-02
-2.85093044e-03
9.99488160e-02
5.89721240e-02
7.68404901e-02
-7.44118169e-02
7.04478025e-02
-6.66276738e-02
-8.17018598e-02
1.34853840e-01
1.26673549e-01
-8.68070871e-02
3.31876203e-02
7.24651590e-02
8.34083708e-04
-2.13372298e-02
-1.82948448e-02
-7.29276910e-02
1.37581259e-01
5.67614436e-02
-1.95857380e-02
-1.51744813e-01
-1.00561798e-01
-1.54715270e-01
-7.05892744e-04
9.59584862e-02
1.18275791e-01
1.77591041e-01
-2.29674261e-02
5.12438528e-02
-7.66756907e-02
-1.70537978e-01
-1.83729172e-01
-2.78748311e-02
-1.13972917e-01
-5.26105333e-03
1.03036538e-02
2.49386765e-02
1.41572103e-01
1.66764602e-01
6.52802885e-02
-1.61557794e-01
1.26042262e-01
4.13288474e-02
-5.77864423e-02
1.59062922e-01
-1.01179676e-02
1.66645303e-01
1.33749610e-02
-1.47092059e-01
4.45699319e-02
-5.19795232e-02
1.40591636e-02
-4.03191634e-02
4.34069969e-02
1.46933943e-01
1.12829193e-01
6.54053167e-02
5.12284711e-02
-1.02346055e-02
-1.41913146e-01
1.03366850e-02
-1.25940815e-01
-7.30187297e-02
-1.96115710e-02
-2.38664057e-02
-3.62412073e-02
9.67310555e-03
-5.96050769e-02
9.22771841e-02
-7.60150328e-02
1.56908929e-01
1.55848816e-01
-9.01237950e-02
-1.38652325e-01
-7.46224970e-02
-6.35050237e-02
-8.68805274e-02
3.90784405e-02
1.70341477e-01
1.53280139e-01
-1.12498231e-01
-1.32351115e-01
-1.07826054e-01
2.40808651e-02
1.70346916e-01
4.96444181e-02
-4.98540141e-02
7.19087049e-02
8.66144672e-02
-7.52460957e-02
-1.59494117e-01
-5.74499220e-02
-1.42422333e-01
5.29945567e-02
-2.63419393e-02
-5.10744452e-02
-1.42012104e-01
-6.42093876e-03
-1.03993319e-01
4.24712449e-02
-6.48823008e-02
-6.46521524e-03
-5.42852953e-02
1.56293929e-01
1.37137711e-01
-4.14702594e-02
6.98147193e-02
-1.34148583e-01
-7.90122524e-02
9.88996867e-03
2.34783776e-02
5.35189919e-02
-3.14994194e-02
4.45875898e-02
-8.84242728e-02
-2.51653660e-02
-1.89193189e-02
5.01872711e-02
-5.17213047e-02
7.50851184e-02
1.07158281e-01
1.21908344e-01
-4.00509462e-02
-3.46613973e-02
-1.66835397e-01
-1.15046911e-01
-1.58820137e-01
-3.59938294e-02
8.00592229e-02
1.72576904e-02
1.74257681e-02
3.01865060e-02
1.11621335e-01
4.76848297e-02
-3.69581543e-02
7.60968849e-02
6.01465739e-02
-1.25459373e-01
1.61991924e-01
-1.33516833e-01
-8.34503677e-03
-1.01031646e-01
-2.45718732e-02
-3.24094621e-03
-1.10304952e-02
-1.37590647e-01
-1.49533704e-01
-6.92816377e-02
-2.83675417e-02
6.86530471e-02
1.58352375e-01
7.96929374e-02
3.94666344e-02
-5.81982359e-02
1.18159642e-02
-4.38835621e-02
-1.44267157e-01
2.87029669e-02
1.21449016e-01
3.10578831e-02
-9.66947302e-02
-5.24919294e-03
-1.42546408e-02
-1.05838135e-01
-4.24288725e-03
-8.42200667e-02
-1.55438827e-02
1.19984500e-01
7.22993985e-02
1.07161673e-02
1.60027072e-01
7.87070468e-02
2.92660203e-03
4.57069948e-02
-1.11204155e-01
-1.44521013e-01
-1.48267923e-02
2.64126132e-03
1.31524205e-01
-2.19137501e-02
5.70662022e-02
1.32717304e-02
-9.43779573e-02
1.75774228e-02
1.07944831e-01
-8.17354172e-02
-7.03541934e-02
-7.58293048e-02
5.97384311e-02
-5.94338682e-03
-4.59559336e-02
6.20316006e-02
-1.74657088e-02
-9.74635482e-02
1.18971765e-01
-4.32048067e-02
-1.07789664e-02
5.39346933e-02
-1.12833669e-02
-3.26900035e-02
9.88601670e-02
5.27294055e-02
4.69107516e-02
-7.38540962e-02
8.61730352e-02
4.96236347e-02
5.46162836e-02
-6.23590611e-02
-5.46326675e-03
5.87951168e-02
-1.35596544e-01
5.14869913e-02
1.17475890e-01
2.55653076e-02
-2.79365890e-02
-5.29201441e-02
3.30336876e-02
8.91626254e-02
-8.69455487e-02
-6.03110939e-02
-6.20347038e-02
7.83011764e-02
1.32532373e-01
-1.11348450e-01
4.80058417e-03
-2.30118036e-02
9.12244022e-02
1.06902845e-01
4.66251746e-02
9.05504897e-02
2.44283304e-02
1.71075892e-02
-2.80392487e-02
7.67824799e-02
1.15720056e-01
-4.38010320e-03
6.17422350e-02
-2.76522320e-02
3.47070396e-02
1.20020919e-02
6.45847544e-02
-1.21026881e-01
-3.59500782e-03
7.26221129e-02
8.98372754e-02
-8.22896063e-02
4.22580121e-03
6.47074869e-03
-2.36126427e-02
1.38414636e-01
-1.93753168e-02
-1.05093149e-02
2.31987238e-02
-7.38818720e-02
-1.91716682e-02
-4.54864427e-02
-1.34880990e-01
3.34730633e-02
1.33320764e-02
-1.14175893e-01
-6.98557571e-02
7.37103373e-02
4.57063084e-03
9.38968454e-03
-5.45184426e-02
-7.30235428e-02
1.03010558e-01
5.99878691e-02
1.00147426e-01
-3.33961137e-02
-8.00481811e-02
-8.40002000e-02
5.92261292e-02
-1.15971118e-01
5.38438968e-02
-8.58954266e-02
1.40003571e-02
-4.77738045e-02
-7.81582519e-02
9.73588154e-02
-6.76754788e-02
3.29117812e-02
-6.92229941e-02
-1.05346918e-01
-1.12734966e-01
3.76094878e-02
4.35487293e-02
1.40278518e-01
-4.14778516e-02
-3.09486408e-02
7.74278715e-02
-3.42053808e-02
2.87740659e-02
-3.03962380e-02
-3.70778292e-02
-2.20733415e-02
1.29314721e-01
3.03360671e-02
-6.67345896e-02
1.01956502e-01
4.77932626e-03
-2.18308251e-02
-8.52281898e-02
-1.29823521e-01
3.50934416e-02
5.13449199e-02
9.15495381e-02
-1.19366385e-01
6.10708520e-02
-8.15859661e-02
5.50733246e-02
6.40823087e-03
-1.50275290e-01
-2.26947349e-02
3.96708474e-02
1.16898410e-01
-4.06962931e-02
-5.12109585e-02
1.73502222e-01
-4.03086580e-02
1.15861163e-01
-4.09338698e-02
1.84898004e-02
-4.59569357e-02
2.81224325e-02
-2.70948019e-02
-1.64541245e-01
-8.56641605e-02
1.63026720e-01
8.21794122e-02
-1.45079717e-01
4.50650901e-02
-4.66894619e-02
1.07816242e-01
3.28399874e-02
-4.83075753e-02
3.00386660e-02
-5.33162504e-02
-5.82130887e-02
-2.28840504e-02
3.89768705e-02
-4.30679321e-02
-4.54478227e-02
-2.29004845e-02
-2.66971458e-02
3.02975588e-02
-1.29495906e-02
1.39149139e-02
-3.10794450e-02
6.63847774e-02
-5.18388152e-02
-1.01910710e-01
-1.96091365e-02
3.90205532e-02
-4.45286967e-02
1.03461571e-01
-9.69294682e-02
5.58906607e-02
2.31960695e-02
-1.03829779e-01
-6.64915666e-02
-6.17007762e-02
-6.69774637e-02
2.24661827e-02
5.42493723e-02
-7.13192597e-02
2.03601681e-02
-4.44066599e-02
3.36944349e-02
-2.54082270e-02
-2.94302627e-02
7.28173042e-03
-8.49998742e-03
-1.77763119e-01
9.75790992e-02
-7.47577474e-02
1.28098682e-01
-7.92654231e-02
-1.66952591e-02
3.56329940e-02
-7.12306499e-02
-6.92185163e-02
2.16217488e-02
5.18630818e-03
9.91659686e-02
-1.14283472e-01
-2.13996656e-02
5.35648242e-02
-9.72099528e-02
-3.99714038e-02
-4.20244411e-02
8.23398158e-02
-1.08432546e-01
6.20773695e-02
-5.84016182e-02
-7.65348971e-02
-9.79055911e-02
8.99677873e-02
9.17430297e-02
4.24415153e-03
3.39767174e-03
7.41544813e-02
-1.26620188e-01
4.37243767e-02
-5.21820970e-02
-4.61338460e-02
5.54439984e-02
-3.20711248e-02
3.00161652e-02
3.58083770e-02
2.71948297e-02
2.27017701e-02
4.04604785e-02
-7.23649040e-02
4.75648530e-02
-8.82328898e-02
-1.23510271e-01
-1.22686736e-02
-1.41879797e-01
8.07972550e-02
7.13389516e-02
-8.99906680e-02
-7.26335421e-02
5.15009388e-02
-8.02157894e-02
-2.70889588e-02
-2.78995205e-02
5.88369295e-02
7.31716901e-02
-7.71568716e-02
-9.12100673e-02
4.12572846e-02
3.41949463e-02
-1.27616569e-01
-2.52269600e-02
-2.65073348e-02
5.18545210e-02
4.47481796e-02
8.02457631e-02
6.22539259e-02
1.21064186e-01
8.53489339e-02
2.57534683e-02
-2.57751308e-02
-6.05325997e-02
-7.60418698e-02
-8.37655962e-02
4.23907042e-02
9.54295769e-02
-4.61247824e-02
4.65015322e-03
8.80514383e-02
4.56697531e-02
4.95173000e-02
1.46389911e-02
-4.94487435e-02
5.75976372e-02
3.32209608e-03
5.83015047e-02
-5.05161472e-02
-3.13925967e-02
-4.44728397e-02
-1.01652294e-01
-9.30768810e-03
9.80423018e-02
-8.13228935e-02
4.11580503e-02
9.92824733e-02
8.29823017e-02
1.03443630e-01
-8.85745231e-03
-8.28278586e-02
-7.58180469e-02
8.78216624e-02
-9.37754065e-02
8.26855749e-03
2.87993513e-02
8.52492079e-02
2.91152801e-02
-1.54362358e-02
6.63059428e-02
1.02754207e-02
1.86918234e-03
-5.21753691e-02
-8.57476741e-02
-4.78413142e-02
-7.90446177e-02
4.49740179e-02
8.59012827e-02
-3.81026603e-02
2.82525476e-02
1.20079540e-01
-1.79385431e-02
1.08330630e-01
3.34421806e-02
1.20368250e-01
-9.82523039e-02
-1.77057441e-02
6.77929744e-02
2.83677485e-02
4.75215912e-02
2.55363919e-02
1.02165770e-02
-1.18761264e-01
2.15419848e-02
-8.85547698e-02
-2.50084717e-02
2.23235134e-02
1.06975779e-01
9.55582783e-02
9.34819598e-03
-1.12248696e-01
5.75477332e-02
-6.48080092e-03
5.99263310e-02
1.35208458e-01
-8.57206509e-02
1.31499290e-01
-6.24134671e-03
1.25676785e-02
1.99584588e-02
8.63525027e-04
-7.16190487e-02
8.20962563e-02
1.89655740e-02
-4.38131541e-02
5.64683713e-02
-6.25184402e-02
9.28801894e-02
1.35517031e-01
8.86520594e-02
2.65957732e-02
-9.00316015e-02
2.09483672e-02
-3.12550515e-02
7.76723996e-02
8.62194598e-03
1.22257702e-01
8.01491216e-02
-4.14222181e-02
-8.57461058e-03
-1.25483587e-01
-1.01971105e-01
-5.48654643e-04
1.29542604e-01
1.49812205e-02
1.16596684e-01
-5.68892360e-02
-1.04078785e-01
-1.07081480e-01
-2.31320644e-03
6.55138120e-02
-2.47600637e-02
1.12090133e-01
-6.06802963e-02
9.87155885e-02
1.30691469e-01
3.92165855e-02
1.23649672e-01
8.56754780e-02
-1.19831815e-01
-1.06389947e-01
8.49402398e-02
-8.69059935e-03
-1.20621406e-01
-1.21288918e-01
1.82813615e-01
3.01664352e-01
3.23319107e-01
3.03729594e-01
-3.99759382e-01
-2.36412853e-01
-3.79491210e-01
-2.87240297e-01
-2.45506555e-01
2.67237037e-01
-3.75442356e-01
-4.24990147e-01
4.52672809e-01
-3.53660762e-01
2.51394719e-01
-2.40308747e-01
3.84680480e-01
2.89941877e-01
-4.73637491e-01
-3.33028555e-01
3.14917535e-01
-4.44060922e-01
-3.34446311e-01
-2.22185642e-01
3.99399251e-01
2.70409107e-01
-3.10298204e-01
-3.79523158e-01
-3.77080739e-01
-2.71956921e-01
2.79556543e-01
3.63298535e-01
3.14912885e-01
4.67890263e-01
1.86744675e-01
-3.46835703e-01
-4.27378356e-01
-4.48090822e-01
-4.70187038e-01
3.30205053e-01
2.43357211e-01
3.01106691e-01
-4.16146696e-01
4.30300444e-01
-3.09311330e-01
-2.54559368e-01
3.93940240e-01
-2.36588508e-01
-4.05317008e-01
4.18551087e-01
3.27852339e-01
-2.54040629e-01
4.03266042e-01
-3.54106128e-01
-2.60903239e-01
4.05301571e-01
-4.14032221e-01
-3.01498473e-01
3.36055130e-01
-2.72317827e-01
3.33259404e-01
-4.13742989e-01
-3.39911729e-01
3.27754468e-01
-1.15596903e-02
-5.14727598e-03
-7.46712312e-02
6.46412969e-02
-1.72302518e-02
-1.34764850e-01
6.82116523e-02
-1.29263531e-02
-1.64632946e-01
1.16328761e-01
3.00115291e-02
-1.82467028e-01
-4.24399227e-02
-1.36615247e-01
-6.77947374e-03
3.39557901e-02
1.20692395e-01
1.21381365e-01
5.70419431e-02
5.42582422e-02
8.24766457e-02
3.29882689e-02
-8.00805539e-02
-9.15449336e-02
4.85196859e-02
7.07246289e-02
-1.60357147e-01
6.61293492e-02
5.97708412e-02
-8.34542438e-02
3.39695141e-02
-1.95579417e-02
4.95461151e-02
6.71278834e-02
-4.87816483e-02
3.40880710e-03
-5.25584519e-02
4.41717058e-02
-4.25952822e-02
6.44482672e-03
2.63977125e-02
-5.68495272e-03
-4.61403001e-03
1.38029270e-02
-2.43136343e-02
6.97839558e-02
-5.37056364e-02
-1.57187536e-01
6.11724630e-02
1.14243940e-01
6.05481938e-02
-5.53206690e-02
6.76010847e-02
1.81009900e-02
-1.38380826e-01
1.22387316e-02
-8.60779285e-02
1.95473749e-02
1.59970120e-01
-2.45216563e-02
7.15879798e-02
3.02003790e-03
-7.48473108e-02
9.24213007e-02
1.32916182e-01
-2.81399321e-02
-1.03535801e-01
1.11778170e-01
-1.71232186e-02
1.32862723e-03
3.13881114e-02
-1.00753695e-01
3.85241844e-02
2.32826546e-02
-1.07562333e-01
9.01741441e-03
-9.74505022e-02
-1.77355129e-02
4.81543764e-02
-1.41202152e-01
-7.75630027e-02
1.67366713e-02
-1.16663918e-01
-6.73432797e-02
-6.25794530e-02
-9.73819941e-02
-6.68865517e-02
-3.37566882e-02
1.09542802e-01
1.02353068e-02
-1.14421040e-01
-8.90329538e-04
-1.36169894e-02
-5.02665453e-02
-2.84479875e-02
3.61619666e-02
-4.55632284e-02
7.38579556e-02
7.17131197e-02
9.42189153e-03
-1.01580314e-01
9.80032310e-02
-1.07174050e-02
1.37839586e-01
-7.10604191e-02
1.42544091e-01
-2.90565509e-02
-9.22410563e-02
-2.91168019e-02
3.10867243e-02
-6.68326393e-02
-1.27735928e-01
-1.06617428e-01
-7.93258622e-02
5.34588993e-02
-1.15122110e-01
1.12307355e-01
2.58621667e-02
4.22125217e-03
-5.01608998e-02
9.48465765e-02
5.82954958e-02
-8.97501111e-02
2.25785710e-02
-4.20396304e-04
4.39314917e-02
1.16686067e-02
9.01475474e-02
4.83917892e-02
-8.43944550e-02
-3.24571393e-02
6.45233169e-02
-8.44108835e-02
1.06630124e-01
1.06311619e-01
-4.04299386e-02
1.27019674e-01
1.03458181e-01
1.43080940e-02
1.21017955e-02
-9.86096263e-02
-3.72241996e-02
1.55440196e-02
1.94197556e-03
-8.49738717e-03
-4.58259471e-02
-4.45687696e-02
7.70061836e-02
1.02123376e-02
-1.00886591e-01
5.71143664e-02
1.63456388e-02
-3.08206715e-02
-2.87526790e-02
-6.72410056e-02
7.88047388e-02
-8.90255794e-02
-7.14729205e-02
-8.47706869e-02
1.91871468e-02
-1.14046045e-01
-1.19964465e-01
1.05897412e-02
-4.06345613e-02
1.35654613e-01
-8.34211186e-02
5.84459007e-02
8.47219974e-02
-1.29160151e-01
-4.95802425e-03
6.80592209e-02
-7.60424659e-02
1.14901580e-01
5.65202907e-02
7.72137269e-02
5.91523536e-02
-7.18870237e-02
9.43531841e-02
1.48135489e-02
9.68727171e-02
-1.53179113e-02
3.85835096e-02
-9.96361375e-02
2.89613493e-02
-5.74859641e-02
2.60966225e-03
7.77759105e-02
5.67443259e-02
-1.65358037e-02
3.05872094e-02
-9.92303863e-02
-1.24150686e-01
2.18103696e-02
-1.20106988e-01
2.05799490e-02
3.37754935e-02
-6.03659898e-02
2.26460695e-02
1.96187906e-02
3.94482585e-03
1.15907200e-01
-1.25083476e-01
4.97389250e-02
-5.71614802e-02
2.44701505e-02
6.16369769e-02
1.39660509e-02
4.33763191e-02
1.01902723e-01
5.04898094e-02
1.27568409e-01
7.46152773e-02
-8.88645742e-03
-6.94964230e-02
8.08088630e-02
6.51125237e-02
-1.10232541e-02
3.77505273e-02
-9.30707604e-02
-1.53179737e-02
6.49280439e-04
8.12175050e-02
-1.11574726e-02
-1.24948904e-01
-2.70564295e-02
-1.02782637e-01
-2.00650785e-02
-9.73960012e-02
1.16731860e-02
1.24989517e-01
5.78496978e-02
-1.27794802e-01
-1.00895531e-01
-5.83921894e-02
-9.15351361e-02
-7.27990195e-02
7.92375281e-02
5.33009805e-02
-2.90658176e-02
7.15268403e-02
1.11506872e-01
1.88953290e-03
-5.61465733e-02
4.43607680e-02
-1.28910065e-01
1.40256882e-01
1.01253472e-01
-7.40189012e-03
3.47926170e-02
9.44637805e-02
-9.13744420e-02
1.10422768e-01
-3.65098789e-02
-3.88210565e-02
6.64348751e-02
-8.54063556e-02
-2.88934708e-01
-5.53985536e-01
-4.61356342e-01
-6.42033577e-01
5.60809731e-01
5.36594093e-01
5.33108830e-01
6.47090852e-01
5.27173758e-01
-4.91513312e-01
4.90090042e-01
5.70078492e-01
-5.11031866e-01
6.14425004e-01
-4.29603577e-01
6.08740151e-01
-6.24948025e-01
-4.91389990e-01
5.17269075e-01
4.80507851e-01
-4.51256752e-01
5.70787787e-01
5.62882304e-01
5.86640179e-01
-4.94681805e-01
-4.21065301e-01
5.57602644e-01
6.21893466e-01
5.16093314e-01
5.62476814e-01
-5.72888672e-01
-5.24185598e-01
-4.22229201e-01
-4.57914710e-01
-7.31203780e-02
4.63921219e-01
6.77354276e-01
5.26376963e-01
4.99618083e-01
-5.93711674e-01
-6.53518677e-01
-4.92292643e-01
5.17591476e-01
-5.20538390e-01
4.88848150e-01
5.67482948e-01
-6.18633747e-01
5.86195469e-01
5.16585648e-01
-4.09024954e-01
-4.27691400e-01
5.23133695e-01
-4.96581644e-01
6.44333661e-01
4.69990641e-01
-4.34276521e-01
6.24914467e-01
6.07217312e-01
-5.57645500e-01
6.51755273e-01
-6.56329691e-01
5.05703032e-01
4.72064137e-01
-5.20907283e-01
-8.20817053e-02
-3.40032689e-02
1.25214145e-01
8.86214897e-02
-2.88790427e-02
-2.31923144e-02
-5.23761027e-02
-1.33351102e-01
-3.80893648e-02
1.75865237e-02
2.57623568e-02
-6.94384724e-02
-1.15701044e-02
-1.12033531e-01
1.13931224e-01
-1.40405044e-01
1.27371207e-01
-7.05059767e-02
1.57363936e-02
4.84487042e-03
4.74795662e-02
9.26040560e-02
-2.58025825e-02
5.92277125e-02
-5.35654053e-02
-8.98854621e-03
-5.81717379e-02
3.25871743e-02
-3.49338688e-02
-2.77589876e-02
-5.56677952e-02
9.06092077e-02
8.07540938e-02
-3.63334082e-02
-1.01108819e-01
-1.19253159e-01
1.70551073e-02
-8.04571509e-02
7.84121826e-02
7.99550936e-02
-4.55810055e-02
1.39555335e-01
-5.84705435e-02
-8.69608670e-02
3.26314382e-02
-8.25765654e-02
8.16730857e-02
-1.02832109e-01
7.48050138e-02
9.04792622e-02
7.85855874e-02
-1.29553646e-01
4.57203165e-02
-1.12128012e-01
-3.47816460e-02
4.68956400e-03
-2.53533088e-02
1.99261494e-02
-3.16824839e-02
-2.42759418e-02
-4.00246531e-02
4.21394743e-02
-9.81966034e-02
-3.41639556e-02
4.26111445e-02
-2.44635902e-02
-4.16611359e-02
-6.13147803e-02
-1.28217533e-01
3.32867578e-02
1.09918611e-02
1.33345155e-02
1.52605958e-02
-1.10300399e-01
-4.40472662e-02
-9.58930328e-02
3.68563971e-03
7.49740973e-02
1.04148373e-01
6.36895224e-02
8.08618870e-03
1.02798127e-01
-9.60680023e-02
1.11151889e-01
1.05381921e-01
5.64510282e-03
1.23322174e-01
-1.08942792e-01
-7.78572857e-02
-2.11600829e-02
-2.31560152e-02
-1.19342841e-01
1.43712992e-02
3.57323289e-02
1.89930033e-02
-1.11603394e-01
-3.80036943e-02
6.13453574e-02
-6.01581000e-02
8.10822770e-02
2.12736018e-02
-3.85393277e-02
1.41046084e-02
9.71626937e-02
-3.76514010e-02
1.10553205e-01
1.10790730e-01
1.18771337e-01
7.42517710e-02
1.07658878e-01
7.31834769e-02
3.89224594e-03
4.18777019e-02
-6.26647621e-02
-3.38750891e-02
-4.16460121e-03
-1.70196928e-02
-9.55371652e-03
3.99614759e-02
1.52606117e-02
6.02168255e-02
-1.11916907e-01
-1.04895733e-01
-2.33408157e-02
9.48132053e-02
-3.31978984e-02
7.19693974e-02
-6.75359694e-03
1.21492468e-01
-4.56426255e-02
-4.12152559e-02
1.33463115e-01
-6.74161538e-02
-1.28142715e-01
-1.82371270e-02
-8.84865746e-02
-1.38641343e-01
2.87166778e-02
-6.27922686e-03
-1.11274645e-01
-7.26414397e-02
9.45863947e-02
6.02250658e-02
9.73497033e-02
-5.08866645e-02
-1.68967657e-02
-8.75388160e-02
9.00003538e-02
7.21910745e-02
4.86355871e-02
-6.79942146e-02
-1.47055596e-01
1.05553806e-01
6.80331960e-02
6.21415973e-02
3.88471037e-02
-3.90993655e-02
2.98656989e-02
5.94999380e-02
6.32917508e-02
6.13314994e-02
4.52778749e-02
-3.40771452e-02
9.96522456e-02
-6.63397461e-02
-1.36529341e-01
8.96961093e-02
1.02749519e-01
-2.33934820e-02
-2.01458521e-02
-6.22009188e-02
-8.65328871e-03
6.45307302e-02
-5.31469248e-02
4.72157113e-02
1.63735282e-02
3.90854776e-02
1.11966394e-02
6.52081221e-02
-8.22798684e-02
-5.15224859e-02
9.11448002e-02
-9.87538621e-02
6.48291931e-02
1.47229666e-02
7.82116130e-02
-8.26744735e-02
4.14644480e-02
-1.11991428e-02
5.89658283e-02
-4.75568399e-02
-1.01458721e-01
-1.16016075e-01
-1.45411165e-02
-7.20095867e-03
6.09081164e-02
-1.22445375e-01
-6.88983407e-03
7.61707965e-03
-9.76973400e-03
7.09704831e-02
7.96246752e-02
-1.01166055e-01
-2.33721584e-02
-9.34294760e-02
-1.13868773e-01
-6.36024214e-03
-6.17916044e-03
-8.09691548e-02
-3.93759832e-02
7.54647553e-02
9.17217061e-02
1.06715038e-01
5.54475375e-02
-2.62068422e-03
6.81604818e-02
-2.11618748e-02
-5.83875887e-02
1.00290328e-01
1.09425634e-01
1.07243776e-01
5.99094592e-02
-3.75597849e-02
6.00918308e-02
-4.33366373e-02
9.59232897e-02
6.71133325e-02
-1.09825218e-02
4.19399468e-04
-1.26776233e-01
-6.56789839e-02
9.47920680e-02
-5.59026822e-02
-1.44216102e-02
-3.86202373e-02
-1.08743988e-01
8.48659277e-02
3.15084234e-02
-7.40376906e-03
-1.15040600e-01
4.60001118e-02
2.53147315e-02
5.54158539e-02
-3.31257321e-02
8.47843513e-02
-1.58811845e-02
5.58344498e-02
-5.04564717e-02
8.63418877e-02
-7.75833568e-03
-5.08486629e-02
8.78075287e-02
-8.47125575e-02
9.21723917e-02
6.59950972e-02
9.26896706e-02
-3.59056629e-02
2.89603639e-02
1.21280931e-01
4.77920249e-02
-1.27323540e-02
-9.37399920e-03
-1.95591912e-01
-7.71267340e-02
-1.44538596e-01
6.88349903e-02
-9.62439328e-02
-4.34155799e-02
7.22578317e-02
-1.50449887e-01
1.08148798e-01
-4.62033153e-02
9.13087726e-02
1.93017215e-01
-1.13015644e-01
-1.11750476e-01
5.14241047e-02
-1.87661037e-01
-2.38616094e-02
-8.63873865e-03
1.45854726e-01
1.03931531e-01
-1.76332518e-01
-8.83554965e-02
-1.97653532e-01
-1.02539301e-01
4.40428369e-02
2.48285830e-01
1.97596416e-01
1.54880106e-01
2.22228654e-02
-1.30883411e-01
-1.92984551e-01
-3.04732118e-02
-1.27192974e-01
1.16021700e-01
2.16046721e-01
1.91387743e-01
-7.15406090e-02
1.53917357e-01
-1.04199521e-01
-1.52038351e-01
1.01855382e-01
-4.97821905e-02
-1.82723925e-01
1.78496614e-01
8.78950283e-02
-2.43285716e-01
2.24188671e-01
-2.38643825e-01
2.21303711e-03
-8.86743073e-04
-1.12329677e-01
-1.39451385e-01
9.64631792e-03
-1.32195786e-01
2.42470056e-01
8.00308026e-03
-2.22816721e-01
1.82409048e-01
