0.86641300
0.91323715
0.90317899
0.92710972
0.90196353
0.94130033
0.95849651
0.93391001
0.90197647
0.92475832
0.86378175
0.96891189
0.91147113
0.89836335
0.92967951
0.91443199
0.83455306
0.87132823
0.94324547
0.88937306
0.92350882
0.91300160
0.90111673
0.89113396
0.82001764
0.87627256
0.89049673
0.88481587
0.89869934
0.85957760
0.92659128
0.88571042
0.92643028
0.85065550
0.88293719
0.95205075
0.93571156
0.90314376
0.87988073
0.87025011
0.89267683
0.85239738
0.91224462
0.93305266
0.94481528
0.88582617
0.89457434
0.89017773
0.96701360
0.84926295
0.87368947
0.92032748
0.90796500
0.90653992
0.92807913
0.91277051
0.93914604
0.92024469
0.92597115
0.94366515
0.90630889
0.90390188
0.89872372
0.91672224
0.90481836
0.87605703
0.93410176
0.91687596
0.93455917
0.89829713
1.02885818
0.93259573
0.87178355
0.91847950
0.91723710
0.89486855
0.90047598
0.82744807
0.94355053
0.91622531
0.87919718
0.91537374
0.89921695
0.90071613
0.93553323
0.90673077
0.90216482
0.92458737
0.93311912
0.88894212
0.84838820
0.91549671
0.90088695
0.86678559
0.94825369
0.93780875
0.82512331
0.90826225
0.88940299
0.87626129
0.87663013
0.92064697
0.93679512
0.92152745
0.95465446
0.90546191
0.91991901
0.95584178
0.93044001
0.86256826
0.89492524
0.92778987
0.89076644
0.91643304
0.88049889
0.92095262
0.92593229
0.91489244
0.95561349
0.90711308
0.84010834
0.91870564
0.92447090
0.90596443
0.85431445
0.88586229
0.90838343
0.82143098
0.89026546
0.93221152
0.91814846
0.92803919
0.87108731
0.89341635
0.95923501
0.88194895
0.89138448
0.88758820
0.93376088
0.85923165
0.91103101
0.86019194
0.91262329
0.89574516
0.86437362
0.96323735
0.89844680
0.86863434
0.94559854
0.91244167
0.88908184
0.87870270
0.84838235
0.89671266
0.90042335
0.89971429
0.92277932
0.89499110
0.87106979
0.91196042
0.90539104
0.89279056
0.91330332
0.83356011
0.92377329
0.90327090
0.91147321
0.92432290
0.93976939
0.89590573
0.94778991
0.92303836
0.92057246
0.89603424
0.87327248
0.87172961
0.91288131
0.93377459
0.90344614
0.88521993
0.93189198
0.87013054
0.92051941
0.87760997
0.90646809
0.91949928
0.93115741
0.89095324
0.91694826
0.87246400
0.89328390
0.92390239
