0011101111110011
0011101111000101
0011101110101101
0011110000000000
0011101110111001
0011101111101000
0011110000010100
0011110000011011
0011101111110111
0011101110111000
0011101110110001
0011110000111011
0011110000000011
0011110000011001
0011101111100000
0011101110011110
0011101101011000
0011110000001000
0011101111101010
0011101111110000
0011101111000110
0011101111111000
0011101110110000
0011101111010001
0011101111110110
0011101111101110
0011110000001011
0011101111101111
0011110000100001
0011101101110111
0011101111101010
0011101111110101
0011101110000111
0011101111111111
0011101111110010
0011101111010110
0011101111111100
0011101110110010
0011110000001000
0011110000010011
0011101111001110
0011110000001001
0011101111001001
0011110000011100
0011101110100110
0011101110111011
0011101111110101
0011101111011010
0011101111110101
0011110000011101
0011101110110100
0011101111100110
0011101110110001
0011101111010010
0011101111100101
0011101111011001
0011110000010001
0011101110111010
0011110000000011
0011110000000010
0011110000000010
0011101110111001
0011101111100101
0011101111101101
0011110000010010
0011101111011011
0011110001011011
0011101111010010
0011101110111000
0011110000000000
0011101111111100
0011101101111010
0011101111010000
0011110000001011
0011110000000000
0011101111000110
0011101111011001
0011101111011000
0011110000011100
0011101111011101
0011101110110101
0011110000001000
0011110000101010
0011101111100100
0011101111100010
0011101110001110
0011101111011101
0011101111010011
0011101111010000
0011101111001100
0011101110111111
0011101111010001
0011101111100010
0011110000000010
0011101100110100
0011101110101011
0011101111010010
0011110000010001
0011101111000100
0011110000000101
0011110000011111
0011101110101000
0011101111011101
0011101110101111
0011101111111111
0011101110111100
0011101111010111
0011110000000001
0011101111101100
0011110000000110
0011110000000111
0011101111110110
0011101111000011
0011101111000111
0011101111001000
0011101111010100
0011110000010010
0011101101010001
0011101111011001
0011101111000110
0011110000010110
0011101111000010
0011101110011110
0011101111100101
0011101110111000
0011101111111110
0011101111000110
0011110000000110
0011101111011000
0011101110110000
0011101110111110
0011101110101101
0011110000101000
0011101111111011
0011101111110000
0011101110100000
0011110000001100
0011101111101011
0011101111100011
0011101111100110
0011101110011101
0011110000001110
0011101110001100
0011101110010101
0011101110010010
0011101111101101
0011110000100100
0011101111010010
0011101111101000
0011110000011001
0011101111001000
0011101110101010
0011101111100011
0011110000001100
0011110000010100
0011101111010110
0011101110000101
0011101110101101
0011110000001101
0011101111011100
0011110000011010
0011101011111000
0011101111001010
0011101111011011
0011101110101000
0011110000000111
0011101111000100
0011110000001101
0011101111101001
0011101110100011
0011101111000101
0011101111101100
0011110000100000
0011110000000101
0011110000000011
0011101110101000
0011101111001011
0011101110010101
0011110000001011
0011101111001111
0011110000001000
0011101110000101
0011101111100111
0011110000001001
0011101111010000
0011101111010001
0011101111010111
0011101111100101
0011110000001000
0011110000000110
0011101111110000
0011110000000001
