0.00997559
0.00603562
-0.05850420
0.05567060
-0.02735979
0.05882033
0.05340897
0.05553344
-0.05574076
0.02398666
0.06589223
0.04484634
-0.00731148
0.02332621
0.01910886
-0.01885090
-0.01245781
-0.04680904
-0.05256081
-0.02133359
0.02715549
-0.01980379
0.02961711
-0.01757042
0.00012099
-0.01782963
-0.05738481
0.03060386
-0.06684823
0.07139039
0.00024356
-0.06464752
0.00945645
-0.04679643
0.05988081
0.04391957
0.06122749
0.03719639
-0.01489479
0.03967726
0.04212028
-0.02267845
-0.04500532
-0.03369752
-0.01092242
0.03962141
-0.05514435
0.03867858
0.01430765
0.00997911
-0.07073127
-0.04221060
0.05367916
-0.00623855
0.07271876
-0.01754334
-0.03165670
-0.06373847
-0.01908623
-0.03066434
0.01648864
-0.01359635
-0.04299840
-0.04055582
-0.01818542
-0.00515310
0.01123692
-0.04872157
0.00554795
0.03933403
-0.01308867
0.06248270
0.01474300
-0.00606514
-0.04956794
-0.06953651
-0.04992126
-0.05694006
-0.06323211
-0.06361789
-0.02190992
-0.02337794
0.00883365
0.06958530
0.02357038
0.01326387
0.01482371
0.02441241
0.03447599
-0.05734091
-0.03986738
-0.04232504
-0.02374781
0.00976550
-0.06755754
-0.04187224
0.04446152
-0.00704589
0.02838231
-0.03052126
0.03933468
-0.04721918
0.03499456
0.00140604
0.06226550
0.03306793
-0.06036400
0.06592383
-0.01429922
-0.07198468
-0.07259706
0.06827439
-0.05901195
0.03082591
-0.02417602
-0.06538127
-0.01976633
-0.01490532
-0.03891421
-0.00127663
0.04586765
0.04799829
0.04837838
0.01237218
0.01968433
-0.06343479
-0.01088884
-0.07043934
-0.02824805
-0.01403879
-0.01355694
0.05692902
0.06032805
0.06127576
0.05682751
-0.04229101
0.06978500
-0.05003772
-0.03935554
-0.02998933
0.06775645
0.00674119
0.02336955
-0.01062664
0.05303089
-0.00023559
0.00588022
-0.07732993
0.06972797
0.01129433
-0.01836172
0.03342135
-0.04255837
-0.06970136
-0.04152587
0.04510613
-0.04349083
0.07874488
0.02469164
0.02009207
-0.00353357
-0.00678469
0.02720396
-0.00993659
-0.06154667
0.05900902
-0.01329358
0.03811644
0.06957504
-0.06125821
0.03087757
0.04032736
0.00143518
-0.05013983
0.06200692
-0.00654104
0.02605156
0.04529143
-0.06611592
-0.06196178
-0.03251554
0.02685395
0.01051794
-0.04444921
0.01973000
0.00770931
-0.06187966
-0.04875221
0.02000338
-0.04455223
0.06639992
-0.04633102
