0010101111010011
1010011010000100
1011001011111011
1010110010110011
1001010010010010
1010101011011101
1011000111011110
1010110101000001
0010010111110110
0010100110011100
0010110011010011
1010111000111011
1001111001001101
1011000000011100
0001111111111010
1010100000001000
1010101010001001
0001100111100000
1010101001100111
1010100110011110
1010110010000010
1010100010000110
0010110010101010
1010011100001101
1010110100111010
1010110100101000
1010000010001110
1001101110111000
1011000000101110
1010110101111000
1010010101000001
1010110111101101
1011000011010100
0010101001100000
0010010111101100
1010011011001000
1010100101010001
1010110110000100
1010010010010110
0010110010010001
0010101000110010
0010101010001011
1010100000111111
1010110101101110
0010101000111111
0001100000010110
0010100001010011
0010101001100100
1000011000110101
1010111110100110
1010111000000101
0010101011101100
1010010111100000
1010111010010010
1010100111010101
0010010010100100
1010110001011111
0010100001000110
1010110010111101
0011000111100010
1011000111111100
0010110100010110
1010011111011000
1010100010111010
1010100101111111
1011000101001111
1010001011101000
1010100010011111
1001111110101010
1011000100000110
0010110011010101
0010011110001111
0010011100100110
1010110100001101
1010100000001010
0010100000000100
1010110111011010
0010110100011000
0010100000111110
1010001111110010
0010110011001011
0010100010000010
1010000101011010
1010011011101010
1010101110001000
0010001011001101
1010101001110111
0010010011010000
0010000001001000
0010010101010011
1011001000010100
1010010001010111
1011000101100111
1010100010110011
0010001111101111
0010011101001010
0010100101011011
0010010001101110
1010010110100001
0010011001110111
1010110000101100
0010010000110111
1010110100111000
1010010000010011
1010101011111010
0010101011010110
1010000010010111
1010011001000111
1001100100110010
0010100100010110
1001110100001001
1010101001101110
1010101010010100
1011000000101111
1010001111101011
1010011100111011
1010111011100100
0010100000010000
0010010011100100
1001101100000001
1010100000010101
1010111110000101
0010000100100000
0010011001011100
1010101001110001
1011001011000000
1010101011010001
1010110100001010
0010110001010011
0010100010000001
0010100001101111
1010010000000110
1010011011001011
1011000010011010
0010100001001000
1011000000101011
0010100100110100
1010111010000011
1010111000000100
0010010111100010
1011001001101101
0010101101001100
1010100111011000
1010101011111101
0010011101010111
1010110011111010
1010010011101000
1010111111101001
1010010011110111
1011000100110100
1010110000000111
1000100000110101
1010110000001111
0010000110111111
0011000000011100
1010001111010000
0010111110000111
0010101010111011
0010011101001111
1001110001110001
0010011111000001
1010011110010101
1011000001010100
1010110011001101
1011000001101110
1010111101100000
0010000100000111
1011000000110101
1010011000101101
0010100011110111
1010101011100111
0001010111010110
1010110101110110
1001111010100011
0010101011010010
1011000110101000
0010010110100001
1001111001100101
0010001101111001
1010101010101001
0010111010101111
0010110011000001
0010010100000100
1010101110100110
0010110100010001
0010010111101110
0010101000111001
1010111000011010
1010101010011010
1010110101010110
0010110010101000
0010111110100101
