8.69170204e-02
-3.55837464e-01
-4.42816131e-02
8.79017040e-02
9.10921767e-02
-3.43230814e-02
1.92743212e-01
5.20301223e-01
-8.58659446e-02
-9.66208354e-02
-9.78386030e-02
4.42447625e-02
6.87643439e-02
1.35383487e-01
1.05242163e-01
-1.06454417e-01
-7.26332702e-03
-2.56241053e-01
-1.72475234e-01
-4.77499068e-02
3.19630712e-01
5.24987746e-03
1.52020631e-02
-1.32544816e-01
5.02092279e-02
-1.75809383e-01
-5.61092906e-02
5.00894748e-02
-7.82832354e-02
-9.00071040e-02
-4.26507741e-01
2.43251637e-01
5.15326336e-02
1.19427346e-01
3.92109528e-03
-1.41013518e-01
-1.06663726e-01
5.22302650e-02
-1.53371513e-01
-2.10339222e-02
2.15360150e-01
2.12700427e-01
-1.72890261e-01
-2.43367061e-01
-8.06151703e-03
-1.63880497e-01
-2.10223533e-02
-1.26241848e-01
3.17391694e-01
2.84922630e-01
-2.58805573e-01
-1.41994610e-01
2.48041563e-02
-1.20977098e-02
-1.03305683e-01
-3.16044502e-02
5.53703494e-02
-2.47128218e-01
1.14237383e-01
-7.09252283e-02
-1.74463734e-01
1.33743912e-01
-7.46944472e-02
8.15473050e-02
