1010000100110000
1010011010001001
1000001011101001
0010000111011001
1001110001110100
0010000001000000
0010001000000111
1010011000110010
0010000110111010
1001110010001110
1010000000000001
1001111011101011
0001100111010111
1001111001101100
1010011001101011
0010000110001101
1010010000101111
1001111001101000
0001001111111001
0000110010011011
0010101011100001
1010001111001100
0010100001000011
1010010001111100
0010001011011110
0001101010101110
0010010100011011
0010010010100000
1001100111001011
1001011101100101
0001011001001101
1010000010100001
1010100010100100
1010001000110011
0001111101011111
0001110101000010
0010001101011001
0001010010101101
0010001000000010
0010011011100111
0000110011100110
0010000101000100
0010010000110101
1001111111001111
1010010111111110
0010010101110101
0001100000111101
1010000110111111
1010010011011000
0010001111110001
0010010000000010
0010010100100011
1010001001111011
0010000000100101
0010001111011111
0010001100000010
0001011100100111
0001000000100110
1010001110001010
0010010010101000
0010000100110001
0010010110101000
0000011001000011
1001001100011110
0001110101001101
0010011101111011
1010000100011011
1010010011100100
1001100110101110
0001110010001100
1000100100011111
1010000000111110
0001101011111010
0010000110111000
0010001100001111
0001110111110000
1010010011101000
1010100010100100
0010010010000111
1001111100010100
0001011011110110
0010001101001001
1010100010011000
0001001110011001
0001011000000010
0010001011000000
1001111111000000
0010000110101110
0000100011010001
1001111101000010
0001100000101101
1001110010101111
0010000000110111
0001110010011101
0010011000101101
1010010100100010
1001110000000000
0010001011110100
0010001010100000
0001110001111101
1001010011001000
0000111000100000
0010010000100111
0010001001001010
1001111111011101
0001110010101100
1001100001011001
1010001010110011
1010001100111111
0001010101101010
1001101000111100
0010000010101011
0010000001111010
0010001010010010
0010010100010110
1001100111010001
1010001100100100
1001111010010010
0010011011000110
1010000100111101
0001000101000110
1010000011100000
1010001000110111
1010001101000101
1001111010000111
0010000100001100
1010010001110100
0001111101101111
0001000100111010
1010000110000101
1010011010100110
1010010010011011
1010001101011001
0010001111001011
0001011001000110
0010000110111110
1010000010110010
0001010100001000
0001011001010010
0010010001111101
1001111111100000
0001101000000001
0001110101111010
0010000100100010
0001110010101111
1001010111100100
1001111100011110
0010000111011011
0010010010100010
1010001100000000
1010000000010000
0001100100111001
0001000101010101
0000010001001111
1001110000011010
1001110111011000
1010010101011010
1001010100010000
0001001001101001
1010000111001001
1010010000001111
0010011011000110
0010010000100010
0010010001111101
0001110010101110
1001111000001011
1010001111110111
1001111100110011
0010001011100111
1010100110010010
0010001101100011
0010001101000010
0010011010011000
0010011010000001
0001110001011011
1010010000111110
1010000011111000
0010010010111100
0010000000000110
0010010100111001
1001111110011111
1010011101011110
1010100000010001
1010100001010011
0010001010000110
0010001010101111
0010100001110110
0010010000101111
0010010010100001
0001111110011010
1001010100000001
1001111010000000
