1010011011000111
0010110000000101
0010101101010101
0010100100011001
1010100000100011
0010100101000100
0010111011000100
1010110001110011
0001101101111111
1010100010101001
1010001011010010
0001011011100011
1010100001111100
1000110111011010
1001111010101010
0010110111110011
0010000011110011
0010100101110100
1010101111101010
1010101100010000
1010110010110110
1010100001111111
0010110010100011
0001110011100011
1010100101010111
1010010000000010
0010010011101011
0010011001011000
0010001011010000
1010100100100110
1010100111001011
1010010100110110
1010110001001010
1010011110111101
0010101111001011
1010110111010110
1010100101010100
0010010101010011
0010010000010001
1010100011001100
1010011101101101
0011000001111111
1001101111011100
1010100010110000
0010010001011010
1010010100010011
0010100111110100
0010011001101111
0010101100101100
0001110010101101
0010010001110011
1001100000110100
1010100011111101
0010011010111111
1001110011111100
1010010000000100
1010101010000111
0010110000111011
0010100000100111
0001110110011110
0010110100110100
0010010100001110
0010101110110100
0010101000000001
1010100000001100
1001100010101010
1010110010110011
1010101101100010
1010100100111011
1010001000010111
1010010001101000
0010110110010011
1010011010111110
1010011100101100
1010011000001110
0010111001111110
0010111001000110
1010101010101100
0010111101110101
0010110010101001
0010110011000110
0010100011101000
1010000100111100
1010110110110000
0010011000100100
1010100010000111
0010110010011111
0010100100001110
1010100011100110
0010110110111010
1010001100001111
1001110011110000
1001100001100000
0010110001110100
0001111101101101
0010110001100101
1010110100011010
0001101010011100
1010010111010011
0010101101001001
0001110011101001
0010111101100001
0010101111100000
0010100000010110
0010010010100000
1010010010010100
1010100001110001
1010110011111001
1010100011011010
0001110111100101
1010010100110101
0010001001001001
0010000000100100
0010010111001100
0010101111010010
0001110101111100
1010010100111111
0010000110000101
1010100011111000
0001110111101111
0010110010001101
0010100110001101
0010000111011000
1001111000000101
0010110000111101
0010000001111101
0010110011110000
0010100010110101
0010101010011000
0010100000011110
1010010001011010
0010010111010001
1010011110001011
1010011000001000
0011000100110011
0010101111001101
0010110110010111
1010010100011001
1010011011101101
1010011000111001
0001010001001010
0010011101010110
0010111011101110
0010001011000001
1001001101001011
0010101000111001
0010110011000100
0010110100010100
1010011010001011
1010111000010011
0010010010111011
0010010010001001
1010011000001111
1001101011110011
0010101001100100
0001010000110100
1010100110000110
0010001110000101
1001111000111111
0010111100101101
0010010110110110
0010111100000111
0010101101000010
0011000100011011
0011000010001101
0001010000001110
0010100010100110
0010101011001011
1010010001001111
0010011101101110
0010010001011001
0010100101011010
1010001100101100
1010100110010111
0010110010111110
0010100011000000
1010011001100001
0001110011111001
0001101110011101
1010001100101001
1010000100101111
0010011000000111
0010010011011001
0010101001100000
1010011001011101
1010110100000010
0001100100111001
0010100110010010
1010110001001011
1010101100110010
1010000111011101
1001111000100001
