1.00635797e-01
1.13031894e-01
5.23721389e-02
5.62490989e-03
1.45587530e-02
-5.28096296e-02
4.49637510e-02
-1.21222630e-01
1.78588986e-01
6.37605190e-02
1.34647321e-02
-7.72734582e-02
9.54855583e-04
-1.76867083e-01
-1.59681931e-01
-8.65720138e-02
5.05177714e-02
-2.38912150e-01
-1.56369686e-01
-2.20486656e-01
7.07284957e-02
-7.92945400e-02
1.90494984e-01
-8.70318487e-02
-3.08088958e-01
6.41073734e-02
2.60616720e-01
1.16713591e-01
-1.21960631e-02
7.98839107e-02
1.29511878e-01
-1.47844581e-02
1.24039516e-01
1.29532039e-01
3.21895331e-02
8.75798613e-02
1.16517670e-01
-1.65119655e-02
1.59988001e-01
8.51385295e-04
-7.92294368e-03
7.00130016e-02
-1.50693506e-01
-1.12614362e-02
6.05705343e-02
3.05174328e-02
-1.37622021e-02
1.55402169e-01
-4.37133089e-02
1.68810964e-01
3.08067119e-03
3.73215824e-02
-2.27652743e-01
-1.35235161e-01
-2.84939297e-02
-2.45654881e-01
-1.56601250e-01
2.44826242e-01
-1.82497740e-01
-5.80865331e-02
5.12877442e-02
1.13893412e-02
-2.41877601e-01
-1.04584880e-01
3.54032032e-02
5.14709689e-02
-2.91405190e-02
1.40905142e-01
1.89724371e-01
4.17555496e-02
1.81609288e-01
-1.31855644e-02
1.20702595e-01
2.09834814e-01
4.35469225e-02
1.75464272e-01
1.10259525e-01
-2.09151894e-01
-1.86247841e-01
1.68722957e-01
-4.32015164e-03
-3.07027940e-02
-1.60175845e-01
-1.22207843e-01
1.27023503e-01
-1.77787051e-01
1.38957232e-01
-2.08439842e-01
-1.81532413e-01
9.72715840e-02
1.46689445e-01
1.75890446e-01
1.98852614e-01
-2.43785288e-02
-4.11845967e-02
-4.16590720e-02
9.99744385e-02
1.48131013e-01
8.56722519e-03
1.53776065e-01
-4.75637913e-02
-9.32575911e-02
-2.52475720e-02
2.70243473e-02
-1.42757356e-01
1.85335558e-02
-3.34670134e-02
1.29789084e-01
-6.68585524e-02
-1.79767147e-01
-1.92906663e-01
1.22633390e-01
-2.53164899e-02
1.82480272e-02
5.62749356e-02
-1.26633108e-01
-2.17031147e-02
-1.58793896e-01
-8.97738710e-02
-3.34828012e-02
-1.51182324e-01
1.51527628e-01
-5.19398823e-02
-9.29959416e-02
3.73371923e-03
8.74687359e-02
-1.62231937e-01
-3.38300802e-02
1.36558980e-01
-1.64469823e-01
-1.56946391e-01
2.38158345e-01
1.19007297e-01
4.44722287e-02
2.03156233e-01
-1.72692299e-01
1.53923005e-01
1.26664683e-01
1.13975167e-01
1.26549020e-01
2.69660473e-01
-1.69072613e-01
-2.41887182e-01
2.11520374e-01
2.10179225e-01
-3.15183997e-01
-2.34682411e-01
-9.80095640e-02
2.25121260e-01
-2.39554942e-01
1.53799772e-01
-1.55508265e-01
-1.23907022e-01
2.38139510e-01
2.67744035e-01
2.17703655e-01
1.66455641e-01
-1.05104290e-01
2.00846329e-01
-1.19248725e-01
2.00359002e-01
6.53794408e-02
1.60438150e-01
1.19244248e-01
2.42770791e-01
-2.22996965e-01
1.51923478e-01
9.58536342e-02
-2.02037767e-01
-7.28983507e-02
-5.39568365e-02
8.07121620e-02
-8.94308835e-02
-9.30518284e-03
-7.54006803e-02
5.57254814e-02
-2.93977946e-01
2.36141980e-01
1.21767573e-01
-1.49106905e-01
-2.93704987e-01
-7.79787898e-02
-2.06035599e-01
-2.40418822e-01
-2.40433916e-01
1.88107446e-01
-1.39540538e-01
-2.38182485e-01
2.18619943e-01
2.26196304e-01
-8.42834413e-02
-1.97432693e-02
1.91243023e-01
-1.41851008e-01
-1.20915413e-01
2.79708266e-01
2.91677475e-01
2.54171342e-01
3.21646154e-01
-1.10794224e-01
1.77214384e-01
3.05361718e-01
1.75357997e-01
2.59017423e-02
1.35889813e-01
-3.19394588e-01
-1.19235396e-01
2.04387233e-01
2.77636826e-01
-3.04402798e-01
-2.26786837e-01
-3.23428333e-01
1.48123249e-01
-3.30114663e-01
1.44394815e-01
-3.42218459e-01
-3.73865873e-01
1.28515378e-01
2.24203184e-01
2.79638618e-01
2.33148187e-01
-3.12488943e-01
2.57974386e-01
-2.98106164e-01
8.47920850e-02
1.65040031e-01
2.89173514e-01
2.84396887e-01
2.80260354e-01
-1.23525679e-01
2.11189926e-01
3.14654976e-01
-1.50347725e-01
-2.92994976e-01
-1.91149503e-01
3.08539659e-01
-1.17425919e-01
-2.61906743e-01
-3.11587930e-01
1.96730494e-01
-3.03928733e-01
2.03627750e-01
2.10434228e-01
-2.66589165e-01
-3.13532233e-01
-3.21860552e-01
-1.09270684e-01
-2.12864414e-01
-1.88031584e-01
3.46379638e-01
-1.52435720e-01
-1.58465043e-01
1.95074782e-01
1.95197269e-01
-1.84245318e-01
-2.01105624e-01
-2.57151455e-01
1.73579082e-01
1.61630884e-01
-6.67066723e-02
-4.77498733e-02
-1.54676884e-01
-1.80975631e-01
2.38388211e-01
-1.52955428e-01
-3.33099030e-02
-9.53689590e-02
-2.28786856e-01
-2.35228255e-01
1.78022802e-01
2.35579565e-01
-2.69661099e-01
-6.05677888e-02
8.67974460e-02
1.96146742e-01
7.81897679e-02
-1.16796024e-01
1.76716283e-01
-4.73367274e-02
1.75052300e-01
1.82283223e-01
-1.06796786e-01
-1.47446051e-01
-1.28951162e-01
-1.48573130e-01
8.05182606e-02
-1.19269937e-01
1.22611351e-01
-2.67714530e-01
-1.33985311e-01
-1.16980001e-01
-1.90215796e-01
-2.65877753e-01
2.59030640e-01
-1.96492299e-01
-2.67106861e-01
8.78045931e-02
2.40652442e-01
2.18513161e-01
-1.46486431e-01
9.04090479e-02
2.55697310e-01
2.82178193e-01
-8.58943239e-02
1.04753070e-01
-1.64363191e-01
-2.30474204e-01
1.70289084e-01
6.52724952e-02
1.77504614e-01
1.56482026e-01
1.81307375e-01
1.25771612e-01
-2.72033185e-01
2.48779535e-01
1.19988397e-01
-1.84026703e-01
-5.98503612e-02
6.91838562e-02
2.10935518e-01
3.26510146e-02
-4.52965498e-02
1.23614535e-01
-1.50278136e-01
9.96956322e-03
-4.29601707e-02
-1.13826931e-01
-1.60169657e-02
-1.69548064e-01
-2.11279184e-01
8.55769664e-02
-1.69674084e-02
1.40433125e-02
-1.41723258e-02
-7.97460079e-02
4.78277588e-03
6.56599039e-03
1.19679496e-01
9.46203619e-02
2.28058606e-01
-3.07968669e-02
1.10939965e-01
-1.53399035e-01
1.63836628e-01
1.28020525e-01
1.81889161e-02
-1.46514714e-01
-5.40497042e-02
-2.91387532e-02
1.11204766e-01
-1.44672066e-01
5.63716888e-02
-9.14089456e-02
-1.48405079e-02
7.81035572e-02
-9.99426991e-02
-1.41727418e-01
5.40400743e-02
6.27827272e-02
-3.88730727e-02
2.90090330e-02
3.06793563e-02
2.73445640e-02
8.58951509e-02
-2.42207982e-02
6.32555932e-02
4.05836776e-02
-1.79678798e-01
1.59872130e-01
-1.52367800e-01
-5.26437722e-02
1.34821057e-01
1.92128390e-01
1.49156556e-01
1.48808166e-01
1.74166203e-01
1.75917044e-01
-8.52489024e-02
1.08656459e-01
1.62962154e-01
-1.88712869e-03
-9.01789665e-02
2.75411140e-02
1.16445437e-01
-4.79865037e-02
1.06074922e-01
-7.04803541e-02
-1.00096054e-01
-1.48679346e-01
7.96575025e-02
-1.25189096e-01
-7.40574673e-02
5.17923050e-02
-1.03134073e-01
-9.42872986e-02
-1.00148292e-02
-1.04312107e-01
6.51454404e-02
1.55300185e-01
-4.57303561e-02
-2.11907458e-02
3.53387520e-02
1.40268102e-01
1.38107032e-01
-8.43783375e-03
9.84126925e-02
-5.35871089e-02
8.89445767e-02
-2.06207950e-02
-1.48065105e-01
-1.51433244e-01
-8.62974375e-02
-6.75274730e-02
3.83224408e-03
3.09033245e-02
2.20359582e-02
-9.36394185e-02
-1.19777605e-01
-1.23622663e-01
6.73191175e-02
-2.60962732e-02
1.55507565e-01
-1.26250729e-01
-4.67491299e-02
-1.65686607e-02
6.49662092e-02
-5.26233725e-02
-5.51949814e-02
-4.61071469e-02
-6.68818727e-02
-2.83717606e-02
6.33808896e-02
2.19794232e-02
2.56442907e-03
-7.18080103e-02
-4.65609580e-02
4.40335199e-02
2.23274603e-02
-4.03425246e-02
1.72846317e-01
1.42975986e-01
-1.82128698e-01
3.23118083e-02
-3.88494097e-02
-1.32684723e-01
-4.03718241e-02
1.10877916e-01
1.00039840e-01
-1.92521304e-01
-5.67382984e-02
1.45237774e-01
1.85471978e-02
-1.46212755e-02
-1.10132411e-01
-1.75227538e-01
1.08030342e-01
-1.33970883e-02
-1.46626860e-01
-1.11373082e-01
-3.32814045e-02
2.59666629e-02
1.05122969e-01
-5.11185676e-02
-1.71902686e-01
-1.13401646e-02
1.91312283e-01
1.24499045e-01
-1.44575834e-02
6.08701557e-02
1.47692645e-02
-1.99486241e-01
1.80862099e-01
1.22854121e-01
-1.00878052e-01
-1.12035081e-01
-6.57553673e-02
-1.77036375e-01
-3.35839726e-02
2.84780785e-02
1.00747079e-01
-1.78471699e-01
-1.52315676e-01
1.24000907e-02
-7.73814917e-02
-1.34731503e-02
1.03496842e-01
-1.29869998e-01
-4.25467687e-03
1.01318032e-01
1.92077011e-02
2.84543410e-02
-3.81764024e-02
3.78248692e-02
-4.94446792e-02
1.90297887e-01
-1.39406323e-01
1.10594854e-01
-1.19739309e-01
-1.22078091e-01
7.68224895e-02
4.24863696e-02
2.13371823e-03
5.52356429e-02
1.10496812e-01
1.24514215e-01
-1.61880761e-01
8.35852325e-02
8.46656412e-02
-1.70742601e-01
-1.62100606e-02
8.24322850e-02
1.28861263e-01
-1.67988271e-01
1.24272466e-01
1.16025187e-01
-2.17199653e-01
-9.39412881e-03
-5.75496443e-02
-1.09025910e-01
1.56954378e-01
-7.67736733e-02
4.23832498e-02
5.63999191e-02
-9.68612954e-02
-1.36982799e-01
-2.68589538e-02
1.11306638e-01
-2.91840732e-02
-1.39663815e-01
1.16842031e-01
1.79453224e-01
7.43121579e-02
-4.79657799e-02
-5.11783548e-03
-1.59504235e-01
2.03288600e-01
1.93285778e-01
-1.57461524e-01
-1.04480058e-01
-1.45862803e-01
-8.31185728e-02
1.24284908e-01
-1.13862820e-01
9.46195498e-02
-1.27126694e-01
-9.88372602e-03
-2.07396280e-02
-1.37453571e-01
-6.81268647e-02
1.51457433e-02
-3.58175933e-02
-1.06858127e-01
5.25584258e-02
3.24406438e-02
1.00638233e-01
-4.51876521e-02
1.03718042e-01
1.16338529e-01
1.29044890e-01
3.25933546e-02
1.66724682e-01
-1.35810643e-01
-9.73106921e-02
7.08033293e-02
1.41245589e-01
4.29387111e-03
-1.39749702e-02
6.92890584e-02
-2.97600050e-02
-2.05461383e-01
6.49090037e-02
7.54312500e-02
4.81547788e-02
-1.27553195e-01
1.99682906e-01
1.18352734e-01
-1.01186819e-02
-6.15235269e-02
-5.23791909e-02
1.41019642e-01
1.36788756e-01
-6.62055686e-02
-1.09318923e-02
-9.39963013e-02
9.59511101e-02
7.18504041e-02
-5.64697525e-03
1.47205040e-01
3.18430476e-02
-1.18190400e-01
4.44289260e-02
1.06331766e-01
1.29728213e-01
-1.01422565e-02
-9.90135968e-02
-5.77801391e-02
1.41161978e-01
-3.31135131e-02
-8.37328658e-03
3.25553454e-02
-6.94915354e-02
-2.24107001e-02
7.94933140e-02
2.15460844e-02
1.11287214e-01
-1.52725205e-01
1.26140639e-01
-3.20142098e-02
-4.42833416e-02
1.22807346e-01
-2.53468771e-02
8.14475045e-02
7.63733014e-02
-7.14206621e-02
-3.95067036e-02
3.07011064e-02
-1.02164648e-01
-1.38353571e-01
-1.08989105e-01
1.48307504e-02
-9.30243805e-02
-1.55853599e-01
-1.22224614e-01
1.34948656e-01
-1.25026196e-01
1.29713252e-01
-4.18532006e-02
-1.15729101e-01
3.24018374e-02
-4.65758406e-02
-8.50664303e-02
-1.54849708e-01
-4.95882109e-02
1.63713291e-01
-1.59764826e-01
3.89247760e-02
-5.40249562e-03
4.03126031e-02
-1.60877377e-01
5.07804006e-02
-2.76435673e-01
1.48504034e-01
2.48349234e-01
-3.50012988e-01
-3.18527788e-01
-1.91364512e-01
-2.94542313e-01
2.21483633e-01
-1.74832866e-01
-1.70125484e-01
-1.62614256e-01
-1.40496790e-01
-8.87543857e-02
3.07163060e-01
1.05834164e-01
-2.58372247e-01
-2.12478876e-01
3.20876151e-01
3.02502006e-01
1.83951631e-01
-2.04925403e-01
1.26549050e-01
-3.33777487e-01
3.27893913e-01
3.41067135e-01
-1.40880972e-01
-3.01985353e-01
-1.30228966e-01
-3.37026238e-01
2.75124699e-01
-6.27846569e-02
3.37970078e-01
-2.50764996e-01
-1.03918314e-01
-1.11144282e-01
-3.13664496e-01
-2.32897848e-01
2.02523902e-01
-1.37867168e-01
-1.57193720e-01
2.24438533e-01
8.80928561e-02
2.54603297e-01
-2.80807942e-01
1.24290973e-01
1.55598044e-01
1.72139645e-01
-1.43664211e-01
1.59497947e-01
-1.41838029e-01
-1.77720770e-01
2.03545481e-01
3.24969143e-01
3.22729498e-01
1.40690535e-01
2.97793627e-01
1.01767555e-01
-3.10952246e-01
3.61087024e-01
1.16983496e-01
-1.57332718e-01
-6.61417544e-02
3.40729117e-01
6.25939071e-02
-2.72499043e-02
1.48921072e-01
1.01233430e-01
-2.62817562e-01
-1.07335068e-01
-4.84719314e-02
-1.27837181e-01
1.40931141e-02
-7.72782788e-02
-3.57393618e-03
-8.72506425e-02
-5.82538545e-02
-1.29951164e-01
2.01715872e-01
8.52210522e-02
6.01484627e-03
-2.03733101e-01
1.90173894e-01
2.39335045e-01
2.86163539e-01
9.76561084e-02
2.25173503e-01
-2.29540393e-01
1.24463789e-01
2.02700302e-01
-3.08172125e-02
-2.22654402e-01
-1.86281726e-01
-1.05237372e-01
-5.43551929e-02
3.59883122e-02
1.27106801e-01
-8.37044716e-02
5.52866422e-02
-1.33831590e-01
-7.83300772e-02
4.98262011e-02
1.40409463e-03
-1.13050319e-01
-9.90335494e-02
1.96511835e-01
1.13447510e-01
8.05224329e-02
-1.04338989e-01
6.65675551e-02
1.72944918e-01
1.51015714e-01
-6.05453365e-02
2.76552290e-01
-1.21237792e-01
-6.96397796e-02
4.68441397e-02
2.85291877e-02
7.92538375e-02
1.76227063e-01
1.38076812e-01
1.92051634e-01
-1.98342949e-01
3.04653198e-01
1.18538573e-01
-4.25064005e-02
-1.03623664e-04
1.96682319e-01
2.27271207e-03
1.59933686e-01
1.63224917e-02
1.49333989e-02
2.19324291e-01
7.53740221e-02
3.12508568e-02
-1.74530093e-02
-3.85306068e-02
1.85228184e-01
8.63799304e-02
1.01124242e-01
1.19438969e-01
1.53923884e-01
-1.88907996e-01
-1.54685974e-01
1.15538552e-01
6.76760375e-02
-7.78406337e-02
-6.61355108e-02
-1.05784021e-01
1.60621837e-01
-1.03053242e-01
9.60525200e-02
-1.25763804e-01
-1.86554536e-01
2.07906827e-01
1.16723560e-01
2.10706010e-01
1.99142307e-01
-1.53944150e-01
1.15443103e-01
-2.11715288e-02
1.65590659e-01
1.01042777e-01
1.20998122e-01
2.95086801e-02
-1.68984868e-02
1.74857862e-02
8.45590141e-04
4.88568842e-02
-2.78994739e-02
-1.41029075e-01
-1.16293915e-01
-4.21554819e-02
-1.93551898e-01
5.29543497e-03
-1.90067515e-01
1.66099984e-02
-5.02232276e-02
4.92405295e-02
9.12040323e-02
-7.54106790e-02
-2.01793835e-01
-1.60029292e-01
-9.07631069e-02
-1.11634947e-01
-2.87584662e-02
2.39084050e-01
-1.91613242e-01
-4.82474789e-02
1.63418218e-01
7.37834256e-04
-9.95536372e-02
-1.84459522e-01
-1.28870144e-01
1.82949767e-01
1.28578857e-01
-3.16225857e-01
-1.53955057e-01
-1.15387492e-01
-1.22087635e-01
1.19634874e-01
-2.21460283e-01
-2.80604750e-01
-2.59975225e-01
-9.87954363e-02
-1.16014890e-01
1.53390497e-01
1.99379534e-01
-9.83563736e-02
-3.30482930e-01
2.71956921e-01
2.51733720e-01
1.71947464e-01
-2.38888800e-01
1.94760174e-01
-1.00271724e-01
2.46533245e-01
2.60550886e-01
-1.44898638e-01
-3.95394802e-01
-3.06114018e-01
-2.11581931e-01
1.07294835e-01
-2.81488955e-01
2.34811723e-01
-1.31826982e-01
-2.75071740e-01
-2.80811906e-01
-2.09115475e-01
-1.30549103e-01
2.18326405e-01
-2.73252428e-01
-3.31755757e-01
1.68885022e-01
1.76549017e-01
1.28851235e-01
-2.07284614e-01
1.82795808e-01
2.48790205e-01
2.20986202e-01
-2.65356749e-01
2.61747509e-01
-3.16921175e-01
-2.44576499e-01
2.92821467e-01
1.61985114e-01
3.18380475e-01
3.44976157e-01
3.08703870e-01
3.31004202e-01
-1.51421189e-01
1.97250083e-01
2.30286419e-01
-2.21378520e-01
-2.64840722e-01
3.26003075e-01
2.60431945e-01
6.70544580e-02
-4.34737280e-02
3.73014132e-03
1.00181527e-01
7.82242492e-02
1.38542518e-01
4.62284572e-02
-4.63486053e-02
6.17599078e-02
-2.69077960e-02
7.39655569e-02
-3.11215613e-02
6.91652074e-02
1.69919655e-02
-4.53868173e-02
-5.47926733e-03
1.57832906e-01
-1.41433120e-01
-4.26234901e-02
-6.48227185e-02
1.21902801e-01
1.55302081e-02
1.66099772e-01
-1.98346809e-01
7.66841578e-04
2.21025087e-02
1.28642425e-01
9.90143884e-03
7.68476725e-02
-1.27948061e-01
-2.42665131e-02
-2.20825411e-02
8.88312161e-02
9.78410989e-02
-2.76155043e-02
6.81468993e-02
1.61434546e-01
-5.56356981e-02
-1.16870105e-02
1.48087487e-01
-1.06491081e-01
5.82360243e-03
-1.12126999e-01
-5.47606610e-02
-1.00996695e-01
-4.15278897e-02
-1.35775790e-01
-3.68659422e-02
2.67323293e-03
1.05865605e-01
6.46714047e-02
-2.94001531e-02
-1.03535794e-01
-9.00515392e-02
-2.96813827e-02
-2.07531527e-01
-1.64640665e-01
1.95699066e-01
7.88382720e-03
-1.32872105e-01
4.92724665e-02
1.00974679e-01
-1.10228166e-01
3.61589976e-02
-2.97724366e-01
1.39953986e-01
1.02775805e-01
-4.10893261e-01
-4.17378336e-01
-1.31214380e-01
-3.24090630e-01
1.51174411e-01
-2.96649039e-01
-2.43617207e-01
-1.30268425e-01
-2.00158313e-01
-1.30323559e-01
1.93553805e-01
3.34422588e-01
-2.71591306e-01
-3.05706203e-01
5.00801742e-01
3.72169167e-01
4.97796118e-01
-1.46843046e-01
3.77351403e-01
-2.83166945e-01
2.78943926e-01
3.95360380e-01
-2.76385516e-01
-3.68512630e-01
-2.31999651e-01
-2.32098490e-01
1.08616322e-01
-5.63979298e-02
4.19671655e-01
-2.84245551e-01
-2.63262540e-01
-1.02548346e-01
-2.22532123e-01
-3.04129511e-01
1.23354577e-01
-1.42332137e-01
-2.61027962e-01
1.10047966e-01
2.53869683e-01
4.03201073e-01
-1.46757439e-01
2.09341064e-01
7.26469085e-02
1.82371512e-01
-2.65902191e-01
2.86517024e-01
-1.38868660e-01
-4.07154471e-01
3.54709268e-01
3.19260359e-01
1.48662597e-01
1.80768654e-01
4.60952878e-01
4.39627260e-01
-3.41293931e-01
3.37982297e-01
3.31673801e-01
-3.36104840e-01
-1.93421468e-01
3.96063924e-01
7.63709098e-02
1.14726447e-01
-2.31890097e-01
-1.58808216e-01
3.22177351e-01
2.38532841e-01
2.14321822e-01
2.58671582e-01
-2.44946852e-01
1.96154445e-01
2.23276943e-01
2.39253789e-01
2.32673615e-01
2.07228303e-01
-3.03866327e-01
-8.70351046e-02
1.12703778e-01
1.92071661e-01
-2.65056849e-01
-2.38564789e-01
-1.87666148e-01
1.88611478e-01
-2.42038876e-01
3.99150342e-01
-1.72688708e-01
-3.58282954e-01
7.80479610e-02
2.93117791e-01
2.21946225e-01
1.30328745e-01
-2.41718397e-01
2.79832989e-01
-3.28834563e-01
2.17180952e-01
8.73317942e-02
2.26642281e-01
1.53404698e-01
2.22435609e-01
-1.10568941e-01
2.67623127e-01
2.43612975e-01
-2.77545482e-01
-8.70575458e-02
-2.24206775e-01
3.76640223e-02
-1.96267217e-01
-5.74025698e-02
-1.91317245e-01
2.22813711e-01
-1.74934730e-01
2.19217077e-01
3.41138482e-01
-1.79093689e-01
-2.54222631e-01
-1.34661764e-01
-2.61675537e-01
-2.08436385e-01
-1.62178144e-01
1.82821378e-01
-3.63743126e-01
-1.72595158e-01
2.46887729e-01
1.62162066e-01
-1.56105354e-01
-1.47797823e-01
5.16869090e-02
9.59538594e-02
-1.36553496e-01
1.05359413e-01
1.33933172e-01
1.29484758e-02
5.81556931e-02
-9.67570022e-02
4.04105261e-02
1.97161585e-01
-5.74655458e-02
1.40715480e-01
1.54433385e-01
-9.74046737e-02
-4.70237434e-02
1.02409758e-01
8.24628472e-02
-4.65106852e-02
-1.90973833e-01
-9.04083773e-02
6.01970442e-02
-1.78602099e-01
2.71966428e-01
-4.93724423e-04
-1.04624160e-01
4.81759682e-02
7.73023739e-02
3.11592650e-02
8.23594704e-02
6.32059947e-02
-2.28269957e-02
-2.09224895e-01
1.12510040e-01
3.06819268e-02
1.53308377e-01
-4.92810411e-03
4.37747613e-02
-6.55969158e-02
-1.55889587e-02
9.24572051e-02
-2.91763656e-02
-8.69696289e-02
-9.17449743e-02
4.79721799e-02
-8.87170956e-02
-8.13690722e-02
-2.41781622e-02
-8.54635146e-03
-7.34284073e-02
1.45465970e-01
5.81743121e-02
-5.89533895e-02
-1.97285250e-01
-1.20192796e-01
-1.13500401e-01
-2.41680965e-01
-1.98961616e-01
1.10644430e-01
-7.27265477e-02
-1.77149951e-01
1.22595102e-01
1.30671710e-01
-1.41136199e-01
-8.98434520e-02
-4.25575644e-01
3.34499776e-01
2.14613378e-01
-4.91006970e-01
-4.78275925e-01
-1.73778921e-01
-2.73497730e-01
2.24577233e-01
-4.38165337e-01
-4.79161322e-01
-1.78147957e-01
-3.38831246e-01
-2.62195140e-01
2.97013372e-01
2.52079695e-01
-2.83240557e-01
-4.44567651e-01
5.02024770e-01
4.60749507e-01
6.28913581e-01
-2.25469977e-01
4.64111596e-01
-4.02433544e-01
3.32834363e-01
5.59573829e-01
-3.22296053e-01
-5.41546643e-01
-2.39385948e-01
-2.82718688e-01
2.22460955e-01
-3.59829754e-01
5.47805965e-01
-3.68537813e-01
-2.68531710e-01
-1.87833145e-01
-4.55157042e-01
-3.77463341e-01
4.55929250e-01
-2.37053066e-01
-5.11199236e-01
2.12642476e-01
1.92655444e-01
3.70589852e-01
-3.44268471e-01
2.72111863e-01
3.54692012e-01
4.67750132e-01
-5.18199742e-01
4.56527144e-01
-3.75553936e-01
-3.98812562e-01
2.40353376e-01
5.06898880e-01
3.08771193e-01
3.77007723e-01
4.52876389e-01
4.24436778e-01
-5.04835129e-01
4.94349778e-01
4.13746834e-01
-3.33399773e-01
-1.75805077e-01
5.07728517e-01
3.38538319e-01
-4.22538072e-02
1.06033720e-01
8.56974870e-02
2.88611371e-02
3.62749025e-02
-1.45206556e-01
-1.09722577e-02
-7.44618326e-02
-1.83852520e-02
7.15805870e-03
-9.76137593e-02
-4.36730161e-02
-4.54040319e-02
5.63464984e-02
-3.25976089e-02
-4.57541011e-02
3.78919207e-02
6.70199562e-03
1.12425514e-01
3.86535265e-02
-1.57170631e-02
-2.56809592e-02
-5.28486148e-02
8.38020667e-02
7.30964839e-02
-1.53156519e-01
-8.09821766e-03
-5.09344302e-02
-1.47724021e-02
1.17942050e-01
5.22386469e-02
6.09776862e-02
-8.98446739e-02
2.26459745e-02
-8.62888619e-02
-1.73770502e-01
-9.24477577e-02
5.00699580e-02
7.72525072e-02
8.13541282e-03
-5.38136326e-02
1.33787438e-01
3.99564952e-02
-6.49755150e-02
1.96187198e-02
8.85184705e-02
1.57431275e-01
-1.19480304e-01
-2.76115518e-02
-2.87166424e-02
4.50917259e-02
1.43945783e-01
-2.48583909e-02
-4.16035801e-02
9.29838233e-03
1.17455132e-01
1.19679019e-01
5.28631806e-02
7.48801371e-03
3.44157591e-02
-8.51004496e-02
-6.43882453e-02
2.75894273e-02
7.16202781e-02
1.58856437e-01
4.35397811e-02
-1.33233383e-01
7.68602490e-02
3.49981934e-02
-4.16807868e-02
1.81107610e-01
6.72583953e-02
1.65422782e-01
5.56418970e-02
1.23243138e-01
9.58342925e-02
1.47725046e-01
-6.42010719e-02
-1.45599335e-01
9.12575126e-02
-2.26640757e-02
-1.15943156e-01
-9.40067135e-03
-2.18087941e-01
-2.32288875e-02
2.49206219e-02
1.40792737e-03
-8.13153908e-02
-2.06963271e-01
2.25853128e-03
2.92289611e-02
1.08821774e-02
1.52080938e-01
-3.13911773e-02
-2.39863689e-03
-7.18159378e-02
7.52229616e-02
1.49976864e-01
1.38988480e-01
1.35882273e-01
-1.67659018e-02
-7.88017958e-02
8.77816156e-02
-3.49548161e-02
-1.34323671e-01
5.82644641e-02
1.40197370e-02
-1.96342357e-02
-1.35306388e-01
-9.28010941e-02
2.96464227e-02
2.64499839e-02
1.03167389e-02
1.43055722e-01
-5.15141524e-02
-8.95713270e-03
-6.90129921e-02
-5.51302657e-02
2.50321552e-02
-6.64933473e-02
-5.31433746e-02
5.03846593e-02
-1.48898378e-01
-1.79916933e-01
7.08937319e-03
6.76944777e-02
-9.11241621e-02
-9.66662262e-03
1.93537101e-02
-4.44767065e-02
1.91107467e-01
-8.09606388e-02
-1.93759620e-01
-1.86023593e-01
-9.36992541e-02
1.65480614e-01
-9.95800719e-02
-1.70480683e-01
-1.79700390e-01
-3.31008062e-02
-1.59998566e-01
2.07808480e-01
1.08495854e-01
-1.82363242e-01
-8.69889110e-02
1.56968191e-01
1.17631495e-01
1.88539073e-01
-4.82722707e-02
2.42201269e-01
-3.02953750e-01
2.40360260e-01
2.14612037e-01
-9.87962857e-02
-2.99963027e-01
1.93275921e-02
-5.73518798e-02
1.87763169e-01
1.75210554e-03
8.12488720e-02
-8.88928398e-02
-1.65569261e-01
-1.04390100e-01
-5.18283173e-02
-1.77591052e-02
1.79670796e-01
-1.26151368e-01
-1.25534624e-01
1.97063759e-01
3.10701337e-02
1.91271186e-01
-1.81157812e-01
6.78583384e-02
1.44904926e-01
2.05526754e-01
-2.23426893e-01
6.74369559e-02
-2.11383834e-01
-1.31671801e-01
1.48794100e-01
1.49899974e-01
1.05566084e-02
-5.86102437e-03
2.51344174e-01
1.77359641e-01
-1.01986282e-01
2.56458104e-01
-9.98235215e-03
-2.10479870e-01
-1.15751363e-01
2.07648084e-01
1.50183469e-01
-1.04939140e-01
1.28355652e-01
1.02016956e-01
-6.36679679e-02
-9.32735056e-02
6.79276064e-02
-1.13960415e-01
3.93555015e-02
4.65094261e-02
-1.06796056e-01
-5.42886965e-02
5.93135245e-02
-1.03995733e-01
3.02997455e-02
-4.93049473e-02
-2.20364723e-02
-9.73616019e-02
1.89672392e-02
1.83340207e-01
1.40096517e-02
-5.31967357e-02
1.73418060e-01
-2.29710221e-01
7.86970332e-02
1.86921701e-01
-1.58497855e-01
-8.89277607e-02
5.12525290e-02
-7.57848797e-03
6.08895980e-02
1.81968557e-04
1.75030604e-01
-1.39791235e-01
-1.17689380e-02
7.61828572e-02
-5.33402823e-02
-1.05550431e-01
1.03375062e-01
2.83614788e-02
-7.03235995e-03
1.08149685e-01
9.17337760e-02
-7.69796735e-03
4.12992649e-02
-4.38759662e-02
1.11574136e-01
1.31437227e-01
6.57165945e-02
4.77804616e-03
-5.95936775e-02
-9.01010334e-02
-7.50284418e-02
-3.61180375e-03
-1.76243540e-02
1.05678298e-01
8.97009745e-02
1.58170640e-01
3.82738933e-03
-2.26127002e-02
1.60731122e-01
8.39178711e-02
-1.30931765e-01
1.67198673e-01
-1.36409579e-02
-1.35994390e-01
-8.53164420e-02
8.23864639e-02
-2.95896769e-01
-2.25787789e-01
-1.12215519e-01
-2.45023966e-02
-3.00764386e-02
-2.67556369e-01
-1.94542244e-01
-1.95778478e-02
7.26927444e-02
-1.39480680e-01
1.56391248e-01
1.36168301e-01
3.63831744e-02
-6.09600805e-02
2.20361829e-01
4.36062098e-01
3.55446637e-01
8.37070644e-02
2.09076658e-01
-1.67129993e-01
2.19542637e-01
1.72856167e-01
-5.67103103e-02
-3.56721282e-01
-1.34292111e-01
-1.63548008e-01
-1.96865853e-02
-4.24238332e-02
2.33983323e-01
-1.66703790e-01
-1.37755454e-01
4.59777340e-02
-1.35560527e-01
3.14764678e-02
1.23499922e-01
-1.50057718e-01
-2.72168756e-01
1.53910294e-01
-4.85113002e-02
6.76668510e-02
-1.22723550e-01
4.18966599e-02
9.85288173e-02
7.41624087e-02
-1.58257306e-01
2.15112284e-01
3.18805464e-02
-8.61331597e-02
5.06161042e-02
6.77305087e-02
9.20406356e-02
5.12821972e-02
1.95342183e-01
2.21019089e-01
-3.02845150e-01
2.64634550e-01
7.60994852e-02
-1.65598199e-01
4.93394844e-02
2.06634745e-01
6.83501065e-02
3.06545556e-01
-3.78186144e-02
-2.14385301e-01
3.19572300e-01
2.81786889e-01
2.05556944e-01
1.18163727e-01
-1.95997044e-01
4.00976270e-01
3.14419866e-01
1.89941496e-01
2.37144336e-01
2.25465655e-01
-2.70442247e-01
-2.73249537e-01
2.15194464e-01
2.50829458e-01
-3.20135742e-01
-3.37312222e-01
-4.25092518e-01
1.16284251e-01
-2.04419240e-01
2.89637536e-01
-2.63807952e-01
-4.37613696e-01
1.12397753e-01
4.08638537e-01
1.35581166e-01
1.49967462e-01
-2.29888305e-01
2.69506484e-01
-2.23270386e-01
1.47761896e-01
2.27225646e-01
1.75675586e-01
1.56142250e-01
1.65352359e-01
-2.11090833e-01
9.30900499e-02
3.81965190e-01
-2.52781987e-01
-2.66506582e-01
-3.91905218e-01
2.19435468e-01
-1.97805360e-01
-1.99035570e-01
-3.37362379e-01
1.43312111e-01
-3.66191179e-01
2.19096333e-01
3.74852747e-01
-2.14832529e-01
-3.84068847e-01
-2.97259659e-01
-1.85774654e-01
-3.68707955e-01
-2.22518846e-01
2.38715619e-01
-2.08284855e-01
-1.16748132e-01
3.12833637e-01
2.37632081e-01
-4.06247318e-01
-2.71296203e-01
-3.39796841e-02
-6.40659183e-02
-1.74809977e-01
1.07668556e-01
1.58324897e-01
1.46174118e-01
9.23454016e-02
-1.53678194e-01
1.65484786e-01
1.92767769e-01
4.25409786e-02
-1.51404040e-02
1.55148119e-01
-1.37617618e-01
-1.78597927e-01
4.81099114e-02
1.54766217e-01
-1.93834707e-01
-1.95109993e-01
-1.76450431e-01
3.16490792e-02
-5.84557317e-02
8.20247978e-02
-1.38410583e-01
-5.78037724e-02
7.90424794e-02
8.18221122e-02
-2.92175002e-02
1.87765658e-01
4.16029468e-02
9.05628689e-03
-7.13213608e-02
1.88570544e-01
-1.99846961e-02
3.34868655e-02
7.54046515e-02
1.34747475e-01
-1.00866361e-02
3.99027206e-02
5.34309894e-02
-1.88595325e-01
-1.13213837e-01
-1.91546693e-01
1.82863727e-01
-1.55183092e-01
-1.79927126e-01
-1.69173390e-01
6.72329515e-02
-2.00089142e-01
1.82355359e-01
1.66908950e-01
1.59674510e-02
-3.67816575e-02
1.29344324e-02
4.80798222e-02
-2.24268041e-03
-6.62350357e-02
2.15559244e-01
-1.48224860e-01
-1.58405885e-01
4.69966009e-02
1.12726413e-01
-2.71077026e-02
-1.60567999e-01
-6.43731430e-02
1.13483034e-01
-1.57975405e-02
-1.04896329e-01
-7.33870491e-02
-1.30209565e-01
-9.61852074e-03
4.48045880e-02
-2.08802167e-02
-8.94835442e-02
-9.43776295e-02
2.71744784e-02
-1.07219517e-01
1.40791059e-01
-6.94727805e-03
9.77548957e-02
-1.47475719e-01
4.27832082e-02
1.86247289e-01
4.21366692e-02
-1.53967123e-02
-5.07694110e-02
-2.15669870e-01
-1.55871371e-02
7.38980249e-02
-4.02695127e-02
-1.99764460e-01
-4.05736966e-03
-1.04846351e-01
1.12214059e-01
9.28707197e-02
1.97676793e-02
-5.06273098e-02
-6.69303611e-02
-1.24316439e-01
-5.25859669e-02
4.12267298e-02
4.90849279e-02
-1.40816465e-01
-4.86547165e-02
-1.25870528e-02
4.16323133e-02
1.36676759e-01
-1.70761235e-02
-8.87404382e-02
1.84905082e-02
1.01115525e-01
-9.34156254e-02
-5.51298447e-02
-1.41409367e-01
-1.48022145e-01
2.80500334e-02
1.52606040e-01
-8.08595270e-02
1.06691934e-01
6.40329793e-02
-5.17361946e-02
-1.72184408e-01
1.80332422e-01
3.28996219e-02
-4.55542020e-02
3.82772498e-02
-6.48782626e-02
1.33589000e-01
-4.48690802e-02
2.88896710e-02
7.57740140e-02
-1.97721764e-01
-6.41220659e-02
-8.63496512e-02
1.51632195e-02
-8.44710097e-02
-1.54609963e-01
-3.22668403e-02
-9.77702737e-02
3.65638807e-02
-1.77957848e-01
6.63116481e-03
1.18736386e-01
-1.08606592e-01
-5.11618033e-02
-2.27856487e-02
-3.32377069e-02
1.08603232e-01
-6.21159486e-02
1.72280490e-01
-5.06366193e-02
1.01808295e-01
-1.51113039e-02
6.77753985e-02
-1.85803518e-01
9.98008996e-04
-1.47591591e-01
-3.17020454e-02
-1.19396649e-01
-2.34209886e-03
-9.64715052e-03
-1.56395286e-01
2.92151645e-02
-1.77552164e-01
1.65344272e-02
1.99265708e-03
1.79567076e-02
-1.02848247e-01
1.01124473e-01
1.31742015e-01
-5.25174886e-02
-1.23627596e-01
6.31680191e-02
-5.77654876e-02
1.26407176e-01
-1.55349046e-01
4.58103493e-02
5.82696758e-02
-9.11579728e-02
3.98751870e-02
7.30871409e-02
1.48011569e-03
2.02203318e-02
-3.58031243e-02
4.29384187e-02
-8.07883739e-02
5.38017862e-02
1.59542829e-01
-4.58895825e-02
-4.56428574e-03
1.85364977e-01
8.11217502e-02
-1.16273813e-01
-2.80054491e-02
9.69875678e-02
-1.65324565e-02
-1.69706449e-01
-1.68605223e-01
-1.12676941e-01
1.14034973e-01
-1.94669962e-01
-1.27091542e-01
-4.24188785e-02
-1.35223079e-03
-1.68801889e-01
4.12166342e-02
4.99542765e-02
-1.31015301e-01
-1.52204335e-01
1.03363693e-01
1.00952536e-01
5.89258857e-02
-1.56655043e-01
7.22102746e-02
-7.81146437e-02
6.60999585e-03
1.83367938e-01
-4.14346112e-03
-1.98412761e-01
3.13719250e-02
-4.88022678e-02
9.68908370e-02
6.56384900e-02
1.15314521e-01
-6.64843693e-02
-3.67367491e-02
1.11184018e-02
-1.86559379e-01
-1.67037055e-01
-6.57976279e-03
-1.24896906e-01
-1.23694628e-01
3.48409568e-03
1.59771323e-01
1.73135474e-01
-9.80190858e-02
6.38201162e-02
-5.45271859e-03
1.25049427e-01
-3.42290848e-02
2.37957109e-02
5.38828922e-03
-7.74170319e-03
1.76555589e-01
5.60220405e-02
4.49365862e-02
4.11123559e-02
1.89593658e-02
-3.48470435e-02
-1.46787435e-01
1.54640347e-01
1.85003877e-02
-9.52791348e-02
-1.66213349e-01
9.32819545e-02
1.48518130e-01
-1.11553498e-01
1.54227853e-01
1.51824206e-01
-7.67656416e-02
-1.72170639e-01
-1.15178406e-01
-1.94360748e-01
9.37166288e-02
-1.85550392e-01
-1.82676643e-01
-8.72807428e-02
-7.65568241e-02
-7.28530437e-02
7.13874698e-02
-3.75778116e-02
-1.58852503e-01
-8.97874236e-02
2.05885708e-01
1.36895373e-01
1.14076830e-01
-1.64549321e-01
2.01131821e-01
-6.65432885e-02
-1.10759651e-02
2.41396502e-01
3.54095921e-02
-2.16516152e-01
-1.68534398e-01
-8.59215856e-02
9.89508480e-02
-8.49994868e-02
1.52874678e-01
3.08398549e-02
-4.84237498e-05
4.64354306e-02
-7.95589015e-02
4.10942063e-02
1.14498883e-01
2.58149132e-02
1.34318350e-02
1.50800735e-01
6.19369671e-02
1.80554762e-01
-1.47199467e-01
-2.48646904e-02
1.36017650e-01
1.57358989e-01
-8.49586576e-02
1.12600543e-01
-1.47042930e-01
-5.53091913e-02
-6.19656732e-03
1.28129851e-02
1.29926920e-01
1.35866657e-01
1.07226186e-01
1.91743940e-01
-3.13682966e-02
1.52645797e-01
1.68216706e-03
-1.51257113e-01
-1.47026345e-01
1.52462497e-01
1.86868198e-02
1.63031712e-01
-4.11789417e-02
-1.30451649e-01
1.82086334e-01
-2.81734802e-02
-1.57263165e-03
6.64689541e-02
-9.52886511e-03
-4.46196049e-02
1.03975676e-01
-3.11928876e-02
-5.11887744e-02
8.03536847e-02
-9.83248204e-02
2.03823149e-02
8.61092061e-02
1.55082837e-01
-1.06000632e-01
1.43369325e-02
-9.47304629e-03
8.27223882e-02
-5.55666424e-02
8.46929289e-03
-1.50521651e-01
-1.06143549e-01
7.99037293e-02
-1.01444284e-02
1.68912578e-02
1.61249474e-01
-1.68393720e-02
-5.98742180e-02
6.53298199e-02
1.50870308e-01
-4.47963215e-02
2.37842705e-02
1.37542620e-01
6.03435189e-02
-1.49043083e-01
-8.53666738e-02
1.14549071e-01
-2.96071009e-03
-1.13219790e-01
-1.33072644e-01
2.61636544e-02
-6.05273433e-02
8.38864669e-02
3.29580307e-02
-4.00275476e-02
-5.35860471e-02
1.73992813e-02
1.04142971e-01
5.53053804e-02
-1.39992580e-01
-6.66637300e-03
-7.79258385e-02
-2.09831949e-02
4.82929051e-02
1.77720431e-02
7.46434927e-03
-5.97308464e-02
5.91703840e-02
1.38923423e-02
-1.64390177e-01
-1.55559912e-01
3.55123580e-01
-3.32751542e-01
-1.87187806e-01
2.19650865e-01
2.39983171e-01
2.88675547e-01
1.63513124e-01
-2.58414030e-01
2.43825272e-01
3.17973167e-01
2.80408412e-01
2.42833644e-01
1.71986878e-01
-1.94579139e-01
-1.95768341e-01
3.11007500e-01
1.66434750e-01
-3.14635187e-01
-3.80436718e-01
-4.17691201e-01
9.94197801e-02
-3.89454126e-01
4.76614423e-02
-1.99170589e-01
-3.99057716e-01
2.60082066e-01
2.36042336e-01
1.73305154e-01
3.58911842e-01
-2.83433408e-01
9.52504203e-02
-3.61394465e-01
2.50837952e-01
1.95288315e-01
2.28128463e-01
2.67202109e-01
3.05050910e-01
-3.07839006e-01
2.06955954e-01
2.82773286e-01
-1.29557729e-01
-2.60787994e-01
-2.99867362e-01
1.71918690e-01
-1.54278889e-01
-1.64315432e-01
-2.08472654e-01
3.91041279e-01
-3.45882684e-01
1.20843917e-01
1.55386671e-01
-3.00112873e-01
-2.05072477e-01
-3.56710583e-01
-2.16488063e-01
-3.55406165e-01
-2.69194782e-01
3.79033208e-01
-2.57294685e-01
-1.45423353e-01
2.44146883e-01
1.75081238e-01
-1.87025845e-01
-2.68541485e-01
1.24379173e-01
-1.74694881e-01
-1.05195850e-01
2.38160297e-01
3.88334319e-02
9.74037871e-02
1.49706928e-02
-1.58156037e-01
2.06539035e-01
2.07917437e-01
7.72007108e-02
1.24131940e-01
3.62018356e-03
-1.07142441e-02
-2.10177630e-01
8.23928043e-02
2.10514497e-02
-2.37189546e-01
-2.53052205e-01
-2.09054723e-01
8.77185389e-02
-1.19333714e-01
1.49332240e-01
-1.67214632e-01
-1.87650442e-01
2.05304801e-01
7.83790052e-02
9.33464617e-02
1.08369797e-01
4.96940827e-03
1.46675870e-01
-1.04763713e-02
1.74077213e-01
1.29972592e-01
-2.49617081e-02
9.53671187e-02
6.21852055e-02
-1.85964391e-01
1.98626548e-01
3.68191563e-02
-6.10693805e-02
-1.05440966e-03
1.20683387e-02
8.37939009e-02
2.37670485e-02
2.48822831e-02
-5.43184467e-02
2.20195293e-01
-7.33112544e-02
1.86236903e-01
1.78325430e-01
-6.13125525e-02
-1.40535519e-01
-1.95710748e-01
1.81056990e-03
-2.44987801e-01
-1.15044229e-01
2.21880153e-01
-1.19268842e-01
-2.06246972e-01
-2.71307454e-02
4.47454862e-02
-1.22689530e-02
1.53454058e-02
-3.67080346e-02
-5.02906293e-02
6.80276379e-02
-1.08512014e-03
1.83886707e-01
1.07700482e-01
-2.98480783e-02
5.89610226e-02
2.97396183e-02
1.73620179e-01
7.75846988e-02
5.52363321e-02
5.39929941e-02
-1.00858323e-01
-4.60316986e-02
1.34542033e-01
1.79000348e-01
-8.90051499e-02
-1.92090228e-01
-1.01555184e-01
-3.21110561e-02
-1.16346225e-01
3.63603979e-02
-3.87880653e-02
-1.65904954e-01
1.36026591e-01
9.32989568e-02
-4.71723303e-02
1.79220125e-01
-2.69937832e-02
1.44620538e-01
-1.87135577e-01
1.24245748e-01
1.37420282e-01
-5.51095866e-02
-5.66448569e-02
-1.90762132e-02
-6.39072619e-03
1.64568678e-01
-2.34871241e-03
5.72922565e-02
-2.76690032e-02
-8.50970894e-02
7.77879357e-02
-8.36807191e-02
-2.48394310e-02
-1.43668383e-01
8.50355104e-02
-2.11566463e-01
5.30444197e-02
1.14651009e-01
-7.34858662e-02
3.18955816e-03
-4.83451076e-02
-6.60574809e-02
-9.05104876e-02
3.11908145e-02
1.34375440e-02
-1.71761379e-01
-1.11321844e-01
6.30207509e-02
1.53769955e-01
-4.51860856e-03
3.44480313e-02
5.83219938e-02
-7.95101970e-02
-1.97109729e-01
7.64997676e-02
1.40892103e-01
-7.07868114e-03
2.05970004e-01
-1.79311320e-01
8.07999521e-02
2.27686360e-01
1.31411225e-01
2.27297843e-01
1.65359542e-01
-2.50801723e-02
-1.22601822e-01
4.39379215e-02
-3.64120281e-03
1.28288390e-02
-5.76521195e-02
-1.81762561e-01
2.18752161e-01
-1.87751099e-01
-2.91353054e-02
-9.28668156e-02
-7.54474178e-02
4.53081802e-02
-2.52710219e-04
1.87144071e-01
1.87165126e-01
-1.60871993e-03
3.76186036e-02
-1.40932888e-01
2.23185625e-02
1.71464644e-02
5.42633012e-02
9.62453634e-02
1.30407631e-01
-1.31210819e-01
1.54583737e-01
2.01954484e-01
-2.20936358e-01
-2.11444393e-01
-7.35893026e-02
4.03623730e-02
-8.43090117e-02
-2.10991293e-01
-7.80452788e-02
1.27243176e-01
-2.11921930e-01
8.19329545e-02
6.62588328e-02
3.09782126e-03
-5.18084988e-02
-1.72883272e-01
-1.45855546e-01
-1.57348335e-01
3.77478451e-03
4.05087881e-03
-1.87043875e-01
-3.76116522e-02
7.26880729e-02
5.91777042e-02
-5.49331345e-02
-2.30914623e-01
2.92059835e-02
1.63384348e-01
-1.30674699e-02
-1.39883891e-01
-8.72557983e-02
-1.67960376e-01
-1.56388432e-01
1.06975622e-03
2.37106327e-02
-2.65750140e-02
3.44087370e-02
3.63557087e-03
-1.15261957e-01
-6.80681970e-03
6.04491495e-02
-1.52668253e-01
-1.60919562e-01
8.29731151e-02
1.01979889e-01
3.06633972e-02
-1.63637891e-01
1.84841290e-01
-2.51802176e-01
7.04441080e-03
8.84424672e-02
-3.62957194e-02
-5.23012392e-02
-1.78704247e-01
1.41173126e-02
5.55568896e-02
-8.15722942e-02
3.87509391e-02
-6.36203215e-02
-1.30151913e-01
-2.65696570e-02
-3.33025083e-02
1.14658149e-02
1.84039041e-01
-9.62444395e-02
-3.62803303e-02
1.81632563e-01
1.02186814e-01
1.25399679e-01
-1.10891722e-01
1.99473381e-01
1.11275882e-01
1.40593290e-01
3.73518531e-04
9.97517910e-03
-6.25388175e-02
3.32596749e-02
2.07604259e-01
-5.89008396e-03
1.67650715e-01
4.51155864e-02
2.18599170e-01
-2.19590236e-02
-1.53347105e-01
-9.69016273e-03
-1.97808654e-03
-1.86469272e-01
4.11630832e-02
1.78287208e-01
1.07888825e-01
-2.39261284e-01
-2.49574948e-02
3.08998320e-02
-2.36562058e-01
-1.98083669e-01
-3.99350226e-02
-6.16474748e-02
5.01414388e-02
-1.60272300e-01
-1.51160777e-01
-2.28077903e-01
-1.76911891e-01
-2.60202259e-01
2.14105606e-01
1.90067992e-01
-1.71039000e-01
-6.28949180e-02
3.63379389e-01
4.96252120e-01
3.92560899e-01
-7.37584680e-02
2.41122633e-01
-2.95503110e-01
3.30515116e-01
2.28404358e-01
-8.88935179e-02
-3.93380880e-01
-1.35036245e-01
-1.47630706e-01
2.44609639e-01
-7.15972111e-02
3.40424716e-01
-2.24097162e-01
-2.52798080e-01
-2.31790408e-01
-2.33523086e-01
-2.04848170e-01
1.61608920e-01
-7.47107416e-02
-3.04799974e-01
2.27698490e-01
1.66367874e-01
2.31778756e-01
-5.93602248e-02
1.36618301e-01
1.29954904e-01
3.05838019e-01
-1.69385925e-01
3.77648115e-01
-8.77743140e-02
-2.08466381e-01
2.48156339e-01
1.34612009e-01
1.20510355e-01
9.85777155e-02
4.07584906e-01
3.24360371e-01
-1.44136056e-01
3.94882977e-01
3.03569943e-01
-2.93044925e-01
-2.23754644e-01
1.54756501e-01
6.15422577e-02
-1.50162846e-01
1.79281801e-01
1.93965703e-01
-7.43372813e-02
-1.31977707e-01
-1.56549662e-01
-2.03674942e-01
1.84263706e-01
-1.41220212e-01
-2.68427402e-01
-2.25400701e-02
-7.99578652e-02
-1.77662879e-01
2.41000369e-01
6.75899349e-03
-2.53477413e-02
-4.20307890e-02
2.96995312e-01
2.89599210e-01
1.13201134e-01
-1.29004493e-01
2.62856364e-01
-1.81416735e-01
6.71349838e-02
2.95302480e-01
-2.36703649e-01
-2.72551328e-01
-1.55595183e-01
-9.19766203e-02
1.39246821e-01
-1.99302882e-01
5.53399883e-02
-2.05935687e-01
-1.43715277e-01
5.35667734e-03
-1.34323284e-01
-7.38844797e-02
1.36530727e-01
-1.44296512e-01
-5.12318946e-02
1.51345134e-01
1.32305920e-01
1.13925703e-01
-3.54330754e-03
9.29709077e-02
6.62730485e-02
2.67969370e-01
-8.47098902e-02
2.28009880e-01
-1.85575172e-01
-1.25732124e-01
1.73208833e-01
9.58325192e-02
1.51802525e-01
2.00274050e-01
2.02536374e-01
2.79721797e-01
-7.86853433e-02
8.89001638e-02
1.49177715e-01
-9.32002719e-03
-2.19059557e-01
2.00526670e-01
1.05429024e-01
-1.27582848e-01
-5.50374612e-02
9.13297832e-02
-1.67658091e-01
-5.62303513e-02
-2.51439288e-02
-1.29040748e-01
-5.65172583e-02
-1.78329259e-01
-1.65756226e-01
-6.10295981e-02
4.87090871e-02
-3.19033228e-02
7.87586067e-03
6.07452504e-02
-9.66682509e-02
-5.53244166e-02
2.17923284e-01
1.30329266e-01
4.05198634e-02
-8.00732337e-03
5.57977818e-02
-1.00871891e-01
7.12208450e-02
1.52473122e-01
-2.97255022e-03
-1.48527682e-01
-1.74211532e-01
-1.69834048e-01
1.15515575e-01
-6.38770824e-03
1.43178612e-01
-1.16176851e-01
-3.78197320e-02
-1.25050828e-01
-2.01641738e-01
-9.62377787e-02
1.99633986e-01
-1.46669894e-01
-2.12332040e-01
3.65807265e-02
1.59355596e-01
3.73131526e-03
-1.44666433e-01
5.67618869e-02
1.31466269e-01
2.14821309e-01
-1.65346175e-01
2.37636566e-02
-1.79975569e-01
-9.80187207e-02
9.12244916e-02
8.41454640e-02
4.84474339e-02
4.91012856e-02
3.28462459e-02
-1.42129604e-02
-2.03247488e-01
1.24081314e-01
7.56910667e-02
-1.43458977e-01
-3.07666864e-02
6.96267709e-02
1.02104601e-02
1.48318142e-01
-1.66822687e-01
-1.13395974e-01
3.38812023e-01
1.28272608e-01
1.63884357e-01
1.12741768e-01
-1.86830670e-01
1.79125711e-01
3.34592819e-01
1.25731677e-01
1.86452508e-01
3.01121920e-01
-1.38751790e-01
-2.26276934e-01
7.63807148e-02
2.71986604e-01
-3.77728999e-01
-2.66373813e-01
-3.25731069e-01
2.61190951e-01
-3.02483797e-01
4.17849004e-01
-3.36224318e-01
-2.28063822e-01
2.11072966e-01
2.44923592e-01
1.86236605e-01
2.55088061e-01
-3.00434291e-01
2.26515651e-01
-2.18655691e-01
2.21897513e-01
3.11864734e-01
1.43523633e-01
1.81230202e-01
2.94908583e-01
-1.11299798e-01
1.70451179e-01
2.48919353e-01
-1.37648046e-01
-9.01938602e-02
-2.00896144e-01
1.68512881e-01
-1.40007824e-01
-2.23697335e-01
-2.64324844e-01
1.38068497e-01
-2.14184329e-01
2.67679363e-01
3.20417941e-01
-2.77035475e-01
-3.17362666e-01
-3.22572678e-01
-3.10790688e-01
-3.22290540e-01
-2.38382667e-01
2.72024989e-01
-4.10671115e-01
-1.80452600e-01
1.74967408e-01
1.45239741e-01
-1.56500921e-01
-9.50621888e-02
1.39663279e-01
-1.49726138e-01
-1.14490084e-01
-4.74683642e-02
1.26947626e-01
-1.21445637e-02
1.45506576e-01
-1.47897184e-01
8.41621831e-02
-4.44458574e-02
1.45361140e-01
-7.11721927e-02
-1.05380416e-02
3.78780253e-02
-1.47410750e-01
-8.68877247e-02
-1.06490478e-02
-7.98424780e-02
-4.07723412e-02
1.17350917e-03
1.11552149e-01
-9.58311260e-02
7.83102885e-02
3.63333076e-02
-9.07398537e-02
-5.32526895e-03
1.59627087e-02
7.14764073e-02
6.14093170e-02
1.25414087e-02
9.84918997e-02
-4.24114913e-02
-1.26197631e-03
5.49647585e-02
5.02025373e-02
1.70461699e-01
9.91409197e-02
-9.35234278e-02
8.55692327e-02
4.42638658e-02
3.39550562e-02
-9.47129652e-02
3.35476287e-02
1.28752738e-01
-8.28577429e-02
-1.48297668e-01
5.95371276e-02
8.47795084e-02
-1.09403744e-01
5.05188145e-02
1.65357180e-02
1.69709437e-02
-1.46905527e-01
1.23501464e-03
5.75347356e-02
-1.69088215e-01
2.27660649e-02
1.99104063e-02
-2.72073522e-02
6.61769956e-02
1.02955654e-01
1.08257122e-01
4.73280922e-02
4.62503023e-02
6.04771256e-01
-3.97533029e-01
-3.01393270e-01
5.20026982e-01
5.62295556e-01
4.63581353e-01
4.11763787e-01
-3.95498931e-01
5.67044139e-01
4.74351525e-01
4.59526330e-01
4.34019804e-01
5.09404778e-01
-5.70841134e-01
-5.23372412e-01
3.04449528e-01
5.96779585e-01
-5.92673719e-01
-6.15490317e-01
-6.49760365e-01
2.80953109e-01
-6.00217760e-01
7.68850744e-01
-5.53755879e-01
-7.19582975e-01
3.72408241e-01
6.19011998e-01
5.60318291e-01
5.22717774e-01
-5.30451059e-01
3.19528490e-01
-4.88748252e-01
5.68519592e-01
4.55334842e-01
4.48775560e-01
5.58144748e-01
3.77954513e-01
-5.63584626e-01
4.22416091e-01
6.46311045e-01
-5.46565592e-01
-4.74927545e-01
-6.05553865e-01
5.20956039e-01
-4.45888460e-01
-4.25704002e-01
-6.47465944e-01
5.99743247e-01
-6.89726889e-01
4.87820536e-01
5.07512152e-01
-5.66924334e-01
-6.14369571e-01
-3.88541520e-01
-4.95539665e-01
-6.27245486e-01
-6.13061607e-01
5.08373260e-01
-6.37547076e-01
-5.85118234e-01
4.86313313e-01
3.08706015e-01
-5.97224236e-01
-3.41583073e-01
-4.73105609e-01
1.47942841e-01
2.02908337e-01
-5.65987587e-01
-3.50979239e-01
-3.23865473e-01
-4.53118086e-01
4.10981983e-01
-4.19973522e-01
-2.85975456e-01
-3.06231767e-01
-2.63220251e-01
-4.35628682e-01
3.98370951e-01
2.91884512e-01
-4.53009665e-01
-3.49639028e-01
5.99405944e-01
6.95893407e-01
4.84633803e-01
-2.29144648e-01
3.92731607e-01
-5.60114026e-01
4.21657175e-01
4.68674362e-01
-3.14385474e-01
-6.53827548e-01
-4.04761612e-01
-3.32367182e-01
2.88662314e-01
-4.20271575e-01
3.46778363e-01
-4.49469060e-01
-4.10857618e-01
-3.08403730e-01
-4.00821865e-01
-4.18888450e-01
4.48152959e-01
-2.94651568e-01
-4.96334106e-01
3.43401045e-01
3.77958596e-01
5.46398699e-01
-4.01973665e-01
3.96380126e-01
3.54345322e-01
5.45996308e-01
-3.51966202e-01
5.28548717e-01
-4.86590773e-01
-4.46279615e-01
4.07124549e-01
4.14778233e-01
4.81137484e-01
4.55468953e-01
4.41273004e-01
5.49226880e-01
-3.77987921e-01
5.10652363e-01
2.83753574e-01
-5.00340044e-01
-2.55167335e-01
5.99120796e-01
4.03417289e-01
8.39140341e-02
-1.24938982e-02
1.10762781e-02
6.62750378e-02
1.12042010e-01
4.69472073e-02
7.59344473e-02
-8.68441910e-02
-2.11612321e-02
8.67809802e-02
5.12086451e-02
1.49511874e-01
1.33423626e-01
-1.57551561e-02
6.06435016e-02
-1.07695740e-02
1.89567152e-02
-6.58061262e-03
-2.68086772e-02
-1.04821324e-01
4.13965732e-02
-7.32321441e-02
4.91741262e-02
-3.00617032e-02
-1.13286451e-01
1.46074116e-01
8.77686441e-02
8.94355029e-02
-7.04291612e-02
-7.90249370e-03
1.11235231e-01
-5.34451455e-02
2.11262051e-02
4.70178984e-02
4.91555035e-02
4.47427258e-02
-1.52538728e-03
1.17160389e-02
7.91154355e-02
6.40810803e-02
-7.89588019e-02
-1.26443505e-01
-1.71977226e-02
2.20919494e-03
2.65292786e-02
-6.90015033e-02
-1.70759875e-02
-3.11218407e-02
3.24669369e-02
7.02467561e-02
1.42408401e-01
-1.13677733e-01
-8.80802646e-02
-8.51801783e-02
-7.00281709e-02
8.98796506e-03
-1.11700207e-01
6.36236072e-02
-3.24245356e-02
-1.53915331e-01
1.06113762e-01
2.02105977e-02
1.25040719e-02
-1.09310716e-01
-3.28624509e-02
1.26153991e-01
-4.72743660e-02
-2.40554228e-01
-5.86458109e-02
-1.09514520e-01
-2.89533399e-02
9.46752802e-02
-2.06687763e-01
-1.53668657e-01
-1.75155073e-01
-1.52010679e-01
2.12881695e-02
1.90003842e-01
1.45312622e-01
-2.62483992e-02
1.96189508e-02
1.17533050e-01
1.40173867e-01
1.53103724e-01
-1.43141121e-01
1.00533210e-01
-9.80411097e-02
1.60235003e-01
8.85906816e-02
3.33585520e-03
-8.89634639e-02
-5.15655316e-02
-2.04349518e-01
1.90402314e-01
3.08915181e-03
4.56679277e-02
-8.25798959e-02
-7.33307078e-02
-1.24466725e-01
-2.18155146e-01
-1.45422205e-01
1.91801153e-02
-2.24409439e-02
-2.13092029e-01
7.90473819e-02
1.84903949e-01
9.87232253e-02
-1.71472490e-01
7.22485334e-02
2.66729649e-02
1.93385869e-01
-1.87039226e-01
6.05408661e-02
-2.41991840e-02
-4.65275124e-02
9.74465683e-02
5.15800081e-02
4.11233865e-02
-2.39749327e-02
3.93391214e-02
3.34888697e-03
-9.44446102e-02
8.58673602e-02
4.60557602e-02
-6.46980554e-02
-5.69355953e-03
1.54350176e-01
4.29979339e-03
-1.97787628e-01
6.63536787e-02
3.96665670e-02
-8.18880275e-02
9.27697681e-03
-8.48561674e-02
-7.23885968e-02
7.83670992e-02
-1.84064925e-01
-8.64014700e-02
2.61037946e-02
-9.66737121e-02
6.00255374e-03
1.16478644e-01
8.64654630e-02
-1.02743365e-01
-2.05981210e-01
2.46765509e-01
2.61321247e-01
2.42589861e-01
1.55016333e-02
2.04226360e-01
-2.48140737e-01
-6.56282296e-03
6.96697459e-02
-9.01816972e-03
-1.84346721e-01
2.99025532e-02
-1.39076173e-01
-2.14612242e-02
-7.16212839e-02
1.04815751e-01
-1.12841755e-01
-5.73495887e-02
-1.19371060e-02
-1.29081622e-01
-1.20018892e-01
1.08798832e-01
-1.49478346e-01
-1.94471657e-01
6.96651638e-02
6.79768100e-02
1.81161135e-01
-1.62181616e-01
1.59949332e-01
-4.76273298e-02
2.89192628e-02
-4.61631417e-02
2.52141505e-01
-1.61440536e-01
-1.63637742e-01
7.33611814e-04
-1.68237220e-02
1.71007216e-01
1.59144595e-01
1.79231852e-01
2.29379147e-01
-4.00395580e-02
1.51911378e-01
1.83182374e-01
-1.40744910e-01
-6.76325634e-02
-2.98198033e-03
6.50137365e-02
1.84037432e-01
-8.41061920e-02
-1.09376334e-01
2.02609077e-02
1.46202102e-01
4.21352126e-03
1.60998881e-01
-6.17853589e-02
6.27883226e-02
1.98878199e-02
-8.25872943e-02
1.08845383e-01
3.85904871e-02
-5.43687195e-02
-1.38699859e-01
-3.54526937e-02
1.44680336e-01
-5.33381812e-02
-1.17734008e-01
-3.64916399e-02
2.44142544e-02
-1.44732237e-01
8.85118991e-02
-1.45819888e-01
-4.82483841e-02
5.56507409e-02
2.18042970e-01
-1.92969162e-02
8.83595794e-02
-1.60515264e-01
7.69409761e-02
-1.20293379e-01
-3.17549077e-03
9.08067375e-02
2.01198738e-02
1.47432638e-02
1.46634728e-01
-8.22080374e-02
4.01278734e-02
8.93416256e-02
-8.01327303e-02
3.33466828e-02
-2.53961398e-03
1.23527393e-01
-1.19017847e-01
4.27634865e-02
-1.06916666e-01
1.11918382e-01
-1.33774132e-01
5.27850166e-02
1.29121095e-01
3.98134813e-02
-6.60394281e-02
-3.72485854e-02
-5.27774654e-02
1.36679057e-02
-2.00108841e-01
1.91094354e-01
-1.98180929e-01
-1.21838480e-01
9.85587109e-03
-6.05856217e-02
-1.53930724e-01
7.26006478e-02
-8.37578624e-02
1.79315850e-01
2.75931299e-01
-5.40786758e-02
-1.26972675e-01
-2.07115799e-01
-2.40891427e-01
1.74905241e-01
-7.43738636e-02
-1.63341716e-01
-1.40145734e-01
-1.99753419e-01
-1.62046969e-01
2.20524818e-01
2.43923634e-01
-1.94447950e-01
-2.18799263e-01
2.98482835e-01
1.25049010e-01
1.04459539e-01
-1.00139074e-01
2.49067381e-01
-2.24724449e-02
2.31276423e-01
1.15854159e-01
-2.26262346e-01
-2.15785712e-01
-1.98200360e-01
-2.36895859e-01
5.45941181e-02
-2.41302237e-01
2.13538244e-01
-1.59745425e-01
-2.27886036e-01
-5.09103723e-02
-6.51647151e-02
-2.43631318e-01
1.32249773e-01
-2.31149778e-01
-1.74516410e-01
7.62417465e-02
4.54427749e-02
5.74552901e-02
-2.15238318e-01
7.89388418e-02
6.10453635e-02
2.76960403e-01
-1.41621500e-01
8.72668698e-02
-5.26213907e-02
-2.11076975e-01
9.73749533e-02
4.35070395e-02
2.63742447e-01
1.97189048e-01
1.52029529e-01
1.59202904e-01
-2.14864865e-01
2.34481797e-01
1.62043855e-01
-1.55916721e-01
-1.09027267e-01
2.16882959e-01
2.54632473e-01
-2.64995903e-01
2.89490342e-01
1.54896498e-01
-3.09178025e-01
-1.17709428e-01
-1.51290849e-01
-1.45397604e-01
3.32715422e-01
-2.02009693e-01
-3.40285033e-01
-1.59146041e-01
-1.44155785e-01
-3.75387788e-01
3.52521867e-01
1.97390854e-01
-2.81644762e-01
-2.12244838e-01
3.20355296e-01
3.02833885e-01
2.04201609e-01
-1.59945503e-01
3.56217235e-01
-2.29015097e-01
1.72876760e-01
1.80833399e-01
-3.22291732e-01
-2.84690619e-01
-1.69886380e-01
-3.64238262e-01
3.10613215e-01
-2.00293779e-01
3.51409763e-01
-3.09052527e-01
-3.34700525e-01
-2.91254133e-01
-3.13361287e-01
-3.46921057e-01
2.53272682e-01
-3.41095865e-01
-2.41771430e-01
2.97562629e-01
1.74458668e-01
2.74019599e-01
-2.55015463e-01
1.58838615e-01
1.76157892e-01
1.87287271e-01
-3.17640275e-01
3.15417647e-01
-2.70945370e-01
-3.56192082e-01
3.33085686e-01
3.39222968e-01
1.91254050e-01
2.32120663e-01
2.92405009e-01
3.47921252e-01
-3.37853044e-01
3.96077633e-01
1.62582919e-01
-3.46065432e-01
-2.96078771e-01
2.26120993e-01
3.40957433e-01
6.60886347e-01
-5.32098949e-01
-5.74845076e-01
7.95318246e-01
7.33256459e-01
4.71801698e-01
7.64561355e-01
-6.64447069e-01
7.55320728e-01
7.51228154e-01
5.41243911e-01
4.55069870e-01
6.24496162e-01
-6.51470780e-01
-6.14943445e-01
6.55219674e-01
6.38876021e-01
-8.51466179e-01
-7.62192845e-01
-7.88498998e-01
5.97548366e-01
-7.34895349e-01
8.30821931e-01
-6.06786132e-01
-8.86075675e-01
5.31980038e-01
7.66305685e-01
6.48263872e-01
6.66307986e-01
-5.56184173e-01
6.30270839e-01
-7.12188363e-01
6.74560666e-01
6.68123543e-01
5.53733110e-01
5.93223631e-01
5.87091446e-01
-5.23761570e-01
5.89621305e-01
6.63570821e-01
-7.05107629e-01
-4.51143861e-01
-6.40265465e-01
5.24473906e-01
-6.91047728e-01
-4.74596411e-01
-6.07357383e-01
5.88818371e-01
-8.64839554e-01
7.00117290e-01
5.79609096e-01
-5.26410520e-01
-7.70015299e-01
-7.22053826e-01
-7.34319746e-01
-8.23893547e-01
-8.15609157e-01
8.04176569e-01
-8.30951631e-01
-6.86585248e-01
7.60508657e-01
6.78103030e-01
-7.21217573e-01
-5.48462570e-01
1.22800395e-02
-1.67142972e-01
1.21357441e-02
1.32469460e-01
1.58653423e-01
5.17143756e-02
6.04999810e-02
-2.77122799e-02
3.59615055e-03
4.63105664e-02
7.58323297e-02
-4.06540707e-02
1.58437505e-01
-3.25238667e-02
-1.94646999e-01
1.27652913e-01
1.78221539e-01
-2.46117681e-01
-1.17391363e-01
-9.93352756e-02
1.00693509e-01
-1.08261950e-01
1.40309483e-01
-4.12168540e-02
-1.28447697e-01
7.11573809e-02
2.77409583e-01
4.98840660e-02
1.97880834e-01
6.27231970e-03
1.64363906e-02
-1.46011531e-01
8.11299309e-03
-3.09178587e-02
2.03045860e-01
4.85127494e-02
1.55496135e-01
-7.65614957e-02
3.16387601e-02
1.85140640e-01
-2.93332133e-02
-2.01514363e-01
-6.92628548e-02
-3.57056372e-02
-2.36687791e-02
3.85422222e-02
-1.06964700e-01
1.90773048e-02
-1.61201835e-01
1.31312415e-01
9.65734348e-02
-1.63061574e-01
-1.83847144e-01
-1.97472677e-01
-1.25973031e-01
-5.37709408e-02
-1.17237940e-01
9.86924022e-03
-2.54035056e-01
-6.30895495e-02
1.56650737e-01
1.06507033e-01
-2.35984519e-01
7.10663293e-03
-1.86113283e-01
1.44586414e-01
2.68994540e-01
-4.29683447e-01
-2.44949147e-01
-1.37526065e-01
-3.43766361e-01
2.85115689e-01
-3.12309414e-01
-3.30286533e-01
-3.26191366e-01
-8.59462395e-02
-2.11320356e-01
3.96291018e-01
2.22285539e-01
-3.18959951e-01
-3.30274045e-01
3.68516892e-01
3.39815170e-01
4.07016695e-01
-3.02736819e-01
2.64842510e-01
-3.60788852e-01
2.05949053e-01
4.87818807e-01
-1.51753470e-01
-3.32961112e-01
-1.24966741e-01
-1.98770136e-01
3.15996677e-01
-1.45686403e-01
3.10913026e-01
-1.83445230e-01
-2.21041381e-01
-1.80636004e-01
-2.59303927e-01
-2.42844328e-01
1.88493207e-01
-1.66275755e-01
-3.08667004e-01
3.11680406e-01
1.49422869e-01
3.44803363e-01
-2.21222728e-01
1.67127222e-01
2.33592853e-01
2.11178884e-01
-3.02647352e-01
3.10533255e-01
-1.28272310e-01
-1.99834332e-01
3.53630006e-01
3.10774922e-01
1.90951794e-01
2.95434952e-01
3.05061847e-01
2.78157443e-01
-3.62015128e-01
3.15083027e-01
3.73567224e-01
-2.33691245e-01
-3.17689806e-01
4.57882613e-01
3.22811693e-01
1.04801767e-01
-7.91766942e-02
-2.00292483e-01
2.48177111e-01
6.45931587e-02
2.24303484e-01
2.00344026e-01
-9.79931951e-02
2.69834399e-01
2.17853278e-01
2.63374485e-02
1.20466627e-01
7.70916864e-02
-2.29611531e-01
-6.63344637e-02
-7.88384583e-03
2.21285865e-01
-1.98141024e-01
-9.82107073e-02
-1.21851481e-01
1.96782470e-01
-1.18959159e-01
2.88171351e-01
-2.43837371e-01
-3.00515771e-01
2.21034542e-01
1.52488440e-01
2.91426145e-02
1.97372049e-01
-9.70020294e-02
1.74410656e-01
-1.98595405e-01
1.22117586e-01
1.33971989e-01
1.47356451e-01
2.44903386e-01
1.57446563e-01
-7.29426891e-02
1.94086000e-01
1.10752240e-01
-4.41390947e-02
-4.65618670e-02
-1.71120256e-01
1.12832092e-01
-1.89289048e-01
-4.98747267e-02
-5.62556759e-02
2.36145288e-01
-1.72818646e-01
9.05071720e-02
2.53471315e-01
-1.58714801e-02
-1.74726099e-01
-3.19551565e-02
-1.34632895e-02
-1.01362154e-01
-1.39555231e-01
1.12447090e-01
-1.46197155e-01
-1.53513685e-01
1.70859858e-01
7.94198550e-03
-1.58227801e-01
-1.57918856e-01
-7.02893212e-02
1.14870984e-02
1.32261872e-01
1.70352049e-02
-1.49087891e-01
-6.33316711e-02
2.04723366e-02
2.11727731e-02
-1.17544025e-01
-4.29266654e-02
-6.03698567e-02
4.18125838e-02
-2.22771615e-02
1.63258538e-01
-3.81900221e-02
-1.39414296e-01
-1.14750024e-02
-1.29190376e-02
8.50202590e-02
2.19591111e-02
-1.37617975e-01
4.40728776e-02
-3.37562338e-02
4.41329107e-02
-4.83328197e-03
4.36760485e-02
-1.66842088e-01
-6.07900694e-02
-2.26564184e-02
1.65034249e-01
-6.74482211e-02
1.50949806e-01
-1.68227062e-01
-1.06532775e-01
-1.57673657e-01
4.34396565e-02
-1.21522896e-01
2.68651359e-02
-1.61691606e-01
-1.15963053e-02
-3.50609198e-02
1.55109987e-01
-2.46869139e-02
-1.36650473e-01
-4.24970463e-02
-4.31882925e-02
-2.52478197e-02
-1.62713602e-01
1.50176883e-01
5.88639192e-02
4.72900458e-02
4.68429318e-03
8.24010074e-02
-3.00286766e-02
1.62159707e-02
2.73401272e-02
1.29949480e-01
-1.72521919e-01
1.84906930e-01
1.05808251e-01
-1.62645906e-01
-2.64642239e-02
6.84628710e-02
3.93689126e-02
-1.63911596e-01
7.77836367e-02
-8.36857259e-02
-2.58512739e-02
3.61943990e-02
-1.35753170e-01
-1.45293266e-01
4.29844037e-02
4.11975123e-02
-4.35965285e-02
1.78433191e-02
-1.03970587e-01
-1.22513898e-01
4.50845510e-02
1.16704784e-01
-4.15011719e-02
-1.00398213e-01
1.14234053e-01
6.90368786e-02
1.22530805e-02
-1.46753296e-01
1.61799729e-01
-1.11814775e-01
-2.94349212e-02
9.78095010e-02
7.00241327e-02
9.70992446e-03
-1.00652464e-01
-1.19914800e-01
1.07300006e-01
-5.80683388e-02
1.50431186e-01
-1.46068186e-01
-1.33886663e-02
-1.43230945e-01
-3.24700326e-02
-1.30257860e-01
6.55749068e-02
-1.52325973e-01
-5.20853028e-02
4.12626714e-02
-7.09121302e-02
1.36761805e-02
6.02380931e-02
2.93063056e-02
-2.54311264e-02
4.42099534e-02
-1.10324450e-01
1.84178010e-01
-1.28193438e-01
-1.81479827e-02
-7.38563091e-02
-2.75045298e-02
3.86234336e-02
1.62454903e-01
1.22523688e-01
-5.41218147e-02
-2.85861511e-02
-4.20244038e-03
2.29845755e-02
1.88915599e-02
5.44880182e-02
3.44148651e-02
-2.13790908e-02
2.32936293e-01
6.36002347e-02
-4.75537665e-02
1.23648711e-01
2.84966618e-01
1.06952265e-01
2.76648641e-01
-7.54874125e-02
2.83723265e-01
1.06153876e-01
1.77448764e-01
1.50751665e-01
7.58424327e-02
-1.51546165e-01
-1.73387378e-01
1.19301364e-01
2.23534197e-01
-3.77472579e-01
-3.38756442e-01
-3.62552047e-01
4.40899730e-02
-2.34407067e-01
3.45495492e-01
-1.14835493e-01
-4.23485965e-01
1.30837768e-01
3.95480484e-01
1.90060064e-01
2.89588183e-01
-6.55045435e-02
5.78190796e-02
-9.91468430e-02
1.45667866e-01
2.47595429e-01
1.04429804e-01
8.00550953e-02
1.47085235e-01
-2.54917234e-01
1.93508089e-01
1.65750369e-01
-1.03629276e-01
-5.66349588e-02
-2.65280098e-01
1.11849040e-01
-2.31983766e-01
-2.13964045e-01
-1.74414694e-01
2.31040224e-01
-3.47060055e-01
2.44914502e-01
1.69644475e-01
-9.00988132e-02
-2.44838864e-01
-2.56524771e-01
-7.04262927e-02
-3.98118913e-01
-3.17508608e-01
1.40558317e-01
-3.66287351e-01
-2.20064446e-01
2.90537328e-01
1.03803359e-01
-2.19761372e-01
-7.41029084e-02
-1.24220438e-01
-1.03842713e-01
-1.20281260e-02
2.53172149e-03
2.55614370e-02
-4.32777479e-02
6.04242682e-02
-6.90218732e-02
3.60552482e-02
-1.55074283e-01
-7.27830455e-02
-6.33778572e-02
-1.03153922e-01
4.92352918e-02
8.92599346e-04
-5.64443842e-02
-1.77898593e-02
1.45740807e-01
1.40845180e-01
1.38851881e-01
9.93824080e-02
1.68683693e-01
-1.63293734e-01
2.18648966e-02
9.30970907e-02
-5.47225960e-02
-1.33436829e-01
-1.46641791e-01
-1.03668295e-01
1.35233238e-01
-8.83469172e-03
1.87641948e-01
-2.16191355e-03
-1.57825023e-01
4.18807901e-02
-4.80202921e-02
2.21562441e-02
1.73130095e-01
-1.16163202e-01
-7.30594397e-02
1.60969105e-02
7.78405890e-02
1.28884986e-01
-1.01335179e-02
1.08210035e-01
1.33683354e-01
6.21556640e-02
4.94391024e-02
2.34660089e-01
-1.25369132e-01
-1.36216909e-01
3.38501446e-02
1.60671398e-02
6.24039918e-02
1.32616952e-01
2.36766323e-01
1.93151146e-01
-1.29971042e-01
5.05195148e-02
1.66217446e-01
-8.23685676e-02
5.11072017e-02
1.94140181e-01
-4.78376576e-04
-3.04516405e-04
5.06658591e-02
1.14974447e-01
-1.00908771e-01
-1.44133374e-01
-1.46822073e-03
-1.68019205e-01
1.08690634e-01
-1.31297976e-01
-3.88266072e-02
4.26836014e-02
7.40331486e-02
-4.34433743e-02
-2.25644689e-02
-1.08000077e-02
-8.75095651e-02
-3.56053524e-02
8.96750838e-02
2.16015041e-01
7.29146153e-02
-7.21433312e-02
-2.94878520e-02
-5.15204519e-02
1.14110716e-01
-1.90938432e-02
2.28406787e-02
-1.31595746e-01
-4.31564935e-02
-1.43225148e-01
2.91798008e-03
-9.57810804e-02
1.39148027e-01
-1.47942007e-01
-1.38754204e-01
5.41332401e-02
7.36875683e-02
-8.61907452e-02
-2.00478099e-02
-1.53503671e-01
-9.04136673e-02
5.40511534e-02
-6.78821513e-03
1.14970751e-01
3.12160496e-02
5.38109243e-02
-5.20412205e-03
1.75205454e-01
-7.31723234e-02
-3.07746772e-02
-2.61199381e-02
-1.19360857e-01
9.48782265e-02
5.17501719e-02
2.07951814e-02
1.40076920e-01
-2.40954403e-02
1.75335497e-01
1.67387240e-02
1.01572931e-01
1.25099504e-02
-7.38484114e-02
-1.21018924e-01
1.72058806e-01
-3.37680876e-02
-4.05501164e-02
-1.92090254e-02
5.53569049e-02
1.31380916e-01
6.98696151e-02
1.17194496e-01
-4.74262163e-02
-3.53360213e-02
1.50965258e-01
1.41792176e-02
4.60823476e-02
-6.62071956e-03
8.06711614e-02
-1.13972783e-01
-1.37216076e-01
1.17473327e-01
-1.84914805e-02
6.09342456e-02
-1.72112092e-01
-3.28339487e-02
6.64378852e-02
-2.67430115e-02
2.65676324e-04
-9.04245302e-02
-1.55823737e-01
1.30249023e-01
1.33746564e-01
8.59656557e-02
9.14966613e-02
-1.25582777e-02
6.24866039e-03
6.54650629e-02
3.18559967e-02
7.73485973e-02
-9.05174464e-02
-3.12305037e-02
-2.11443398e-02
-9.54369754e-02
-7.83694759e-02
1.50191307e-01
-8.38419124e-02
4.49534059e-02
-2.37555373e-02
-8.16135928e-02
-4.73422147e-02
4.60478626e-02
-2.48426665e-02
1.16130441e-01
-4.58021685e-02
8.92396923e-03
-3.67124490e-02
-3.00617442e-02
-1.52022302e-01
-1.20961234e-01
-1.01364218e-01
-1.25786483e-01
-4.88907695e-02
-4.38065864e-02
-8.07751417e-02
-1.29647598e-01
-8.90978351e-02
1.69669297e-02
-1.19813278e-01
8.00363347e-02
-2.78811716e-02
7.63215050e-02
3.53514329e-02
-9.13860500e-02
-5.00898659e-02
3.57648805e-02
-5.13398573e-02
7.46815354e-02
-1.56644523e-01
-2.84319185e-02
8.60693976e-02
-1.45504594e-01
-1.06516458e-01
-2.02124659e-02
1.05995528e-01
3.81455384e-02
-6.04563579e-02
1.84883550e-01
-3.22771519e-02
4.19738293e-02
-1.23394668e-01
7.47380685e-03
-1.33122668e-01
2.75560785e-02
7.24746808e-02
-8.22077692e-02
-7.48253316e-02
-1.56868428e-01
-1.79438293e-01
1.46319255e-01
-1.23536170e-01
1.59372203e-02
6.79668561e-02
3.43528539e-02
-6.79151192e-02
-1.32986933e-01
-7.76921660e-02
3.90010215e-02
7.03110322e-02
-6.68979362e-02
4.75740395e-02
9.37405825e-02
7.53520727e-02
1.27459206e-02
-4.92882021e-02
-1.19001605e-02
1.58460632e-01
1.95485428e-02
1.69094652e-01
4.55779284e-02
5.51095568e-02
7.28833606e-04
3.94875370e-02
-1.08229080e-02
1.03961505e-01
1.08754382e-01
-5.08277118e-02
-1.28968939e-01
2.85478141e-02
4.54883240e-02
-1.24133565e-01
8.69036478e-04
3.21533531e-02
-6.92874938e-02
1.88038588e-01
-2.75830477e-01
-7.62959048e-02
2.11022913e-01
3.82059216e-01
2.30003253e-01
2.05198407e-01
-7.53125176e-02
2.88825929e-01
3.34585994e-01
7.21623152e-02
7.57120475e-02
1.81946799e-01
-2.17211649e-01
-2.24430382e-01
8.75404179e-02
2.79661924e-01
-3.71076018e-01
-3.72510344e-01
-3.37754518e-01
2.27022260e-01
-2.50127286e-01
3.12079012e-01
-3.03219050e-01
-4.87674326e-01
2.17068017e-01
3.30367476e-01
1.96878731e-01
3.61998618e-01
-1.16267271e-01
2.35359356e-01
-2.36435920e-01
2.83235371e-01
1.43577069e-01
1.84800819e-01
2.74788439e-01
6.64404929e-02
-1.74210533e-01
2.79492319e-01
4.48847502e-01
-2.69700140e-01
-2.95105994e-01
-2.62597114e-01
1.27976969e-01
-3.16123486e-01
-1.27089500e-01
-2.81019092e-01
3.55621547e-01
-4.19396698e-01
3.18045080e-01
2.60448903e-01
-1.72905356e-01
-3.63481373e-01
-2.31728807e-01
-2.74098068e-01
-5.19859612e-01
-3.94812524e-01
3.25546235e-01
-4.56258565e-01
-3.67930830e-01
3.38409990e-01
1.97748825e-01
-3.20633173e-01
-1.00365408e-01
-7.16554150e-02
3.32989432e-02
1.76615849e-01
-6.64655790e-02
-6.98752888e-03
4.42555845e-02
-1.63377419e-01
1.28357261e-01
-4.82439473e-02
-1.01076886e-01
7.08026960e-02
1.16340322e-02
-3.85365747e-02
1.40356541e-01
1.82590112e-01
2.19799187e-02
-4.39396091e-02
1.94981113e-01
6.81951717e-02
1.51084363e-01
-1.20967597e-01
8.20412040e-02
-2.83468902e-01
1.87449276e-01
5.99194169e-02
-7.00525641e-02
-1.08075105e-01
-5.19641228e-02
-2.05724686e-01
1.53152347e-01
-1.09998345e-01
1.45933673e-01
-6.75581619e-02
-4.24222201e-02
5.28653748e-02
1.91518869e-02
-1.31737199e-02
-2.13385304e-03
-5.34678586e-02
-1.67935744e-01
6.44571260e-02
1.58333585e-01
1.21277481e-01
-1.97420688e-03
4.79708984e-02
1.21065117e-02
2.12683097e-01
-8.22469518e-02
1.08334333e-01
-5.42428270e-02
-2.25798544e-02
1.39815465e-01
1.58177659e-01
1.15851499e-01
1.51426464e-01
1.59488335e-01
1.05172452e-02
-2.60941178e-01
1.47598550e-01
1.91380739e-01
3.37534137e-02
-1.50434136e-01
2.44678348e-01
-5.03637886e-04
2.15096446e-03
2.17246786e-02
1.52611181e-01
-1.84865549e-01
-1.55669674e-01
-1.92967914e-02
-5.77460863e-02
1.38474062e-01
-1.85616702e-01
-1.49806216e-01
-9.72353481e-03
-1.30410656e-01
2.15612594e-02
2.21112877e-01
2.83178501e-02
-1.20157912e-01
-2.05997497e-01
2.55536556e-01
1.74181357e-01
2.28403628e-01
3.39357965e-02
2.68723834e-02
-2.92816728e-01
1.65953845e-01
9.73495543e-02
-9.10967439e-02
-2.60642648e-01
6.61773747e-03
-2.20676422e-01
2.96210516e-02
-1.43057272e-01
1.32701844e-01
-8.99018645e-02
-1.04254581e-01
-4.61853184e-02
-5.31021645e-03
4.66304719e-02
4.19590957e-02
3.91035974e-02
-1.54788837e-01
9.25715920e-03
1.75464064e-01
1.87640071e-01
-1.37414858e-01
1.22940905e-01
1.52836209e-02
5.54131903e-02
-3.24533507e-02
2.23157018e-01
-6.79786727e-02
-2.82307919e-02
1.28626794e-01
1.33414492e-01
1.56433612e-01
1.11854717e-01
2.36624777e-01
1.31011859e-01
-6.51878566e-02
5.91461174e-02
-5.59716020e-03
-1.67970136e-01
1.25812413e-02
3.36119868e-02
5.28118350e-02
1.89741224e-01
-1.84278116e-01
-7.85022601e-02
1.75828949e-01
2.37832382e-01
3.44652124e-02
1.25422060e-01
-1.94874898e-01
2.31176224e-02
2.15879515e-01
1.74968168e-01
-2.27159262e-02
1.93072528e-01
-2.19432294e-01
-1.61365658e-01
5.29010370e-02
1.71956450e-01
-2.73982346e-01
-1.40003532e-01
-4.05318365e-02
-3.86347137e-02
-1.44757673e-01
2.78345734e-01
-1.98059708e-01
-2.44440570e-01
1.79982647e-01
1.90581024e-01
9.90988612e-02
5.33373207e-02
-1.48834750e-01
1.98358893e-01
-2.39038661e-01
1.91157892e-01
3.44408788e-02
4.93812636e-02
6.35199770e-02
-2.29268000e-02
-4.46670540e-02
2.01337114e-01
2.00455561e-01
9.01133846e-03
2.20082961e-02
-1.52888164e-01
1.18683852e-01
-1.58940852e-01
-2.52550002e-02
-1.73469394e-01
1.62448302e-01
-1.13583535e-01
1.36841208e-01
1.38041630e-01
-1.88516453e-01
-1.79320917e-01
-2.20924944e-01
-3.54623459e-02
-1.80873767e-01
-6.03309460e-02
6.25745058e-02
-8.28888044e-02
-1.17423899e-01
1.97535497e-03
1.76302053e-03
-8.18360224e-02
-7.47383460e-02
