0.87433797
1.00572741
0.86495209
0.80881673
0.75946128
1.15228701
0.94727141
0.77290505
1.10576546
0.87919021
1.12996781
0.91990173
1.07992792
0.71766579
1.14501226
1.16377497
0.83817399
1.28171825
1.10494959
0.91942966
0.59806567
1.09764373
0.86894357
0.75509953
0.79295927
0.73008472
1.01425838
0.85941899
0.60621238
0.70031047
0.72809762
1.00964129
0.90191829
0.77073807
0.59504092
1.25871372
0.94016141
0.79069674
0.85660464
0.88374060
0.63753915
0.76945925
0.86115766
1.00030315
1.05624795
0.86242455
0.86930221
0.79276073
1.11467564
0.70700085
0.88689739
0.66906655
1.16286075
0.79372895
0.95038849
0.89035702
1.01329505
0.95274562
0.62419659
0.82946289
0.90023798
0.82885009
1.02136433
0.91767883
0.80336910
0.91982621
0.62124491
0.95425516
0.96994311
1.02681017
0.96407771
1.12315178
0.37702975
0.99504048
1.05511045
0.66506600
0.89176244
1.03444922
0.74602991
0.93712717
1.06918848
1.03616011
0.52135164
0.50493824
0.80616146
0.86458516
0.91975927
0.89651084
0.94139016
0.62082750
1.24524128
1.06253636
0.89071381
0.82321608
1.02290666
0.90115833
0.89992082
0.91640002
0.90224642
1.13201773
1.04900444
0.77292371
0.83818674
1.07449460
1.12509251
0.83448958
1.11841953
0.98954219
0.51687694
0.97671157
1.05080724
0.85614407
1.16448247
0.82150674
1.14674199
0.79906660
1.21741211
1.07048416
0.89043784
0.75384092
0.91898012
0.90137953
0.95182502
0.87157398
1.09581864
0.88861638
1.05923462
1.01640379
0.83299685
1.08738923
0.89298558
1.29111409
1.19110763
0.99981368
1.14019847
1.01265526
0.77703720
0.97988439
1.05621195
0.92910576
1.03778756
0.83087814
1.05375469
0.97565603
0.85820371
0.83977365
0.84462756
0.74813020
0.85195601
1.04550612
0.92484409
0.86181557
0.80474597
1.24949706
0.91570210
1.04548013
0.90717095
1.45827293
1.12423861
0.81422025
0.86788464
1.09641278
1.17489111
1.06611812
0.91172886
1.00977743
0.98642391
0.83988714
0.97599602
0.88650268
0.79276007
0.86638319
0.95080352
0.87490696
1.37003362
0.95159185
1.25637162
0.97077149
1.02947950
1.08010912
0.69750929
1.12673640
1.21389949
1.04616809
0.81305259
1.03908432
1.06368232
0.95873326
1.00952399
1.11127889
0.72474974
0.98232722
