0.06298248
0.00403428
0.00368556
0.07598712
0.00857168
-0.03671031
-0.02393779
0.04660761
0.00089258
-0.06724958
0.05399238
0.05121830
-0.01573815
-0.05888715
-0.02035905
0.06090066
0.02843900
0.03520731
-0.04089982
-0.04710001
0.01914520
-0.00876257
-0.04590766
0.06960847
-0.04611126
-0.05305649
-0.01343337
0.04395001
0.03461254
0.07400922
0.05067196
0.05143142
0.02383496
-0.04142923
-0.05493750
-0.06027071
0.05187801
0.00196747
0.03934003
0.05821392
-0.03648778
-0.06329009
0.07120788
-0.00132850
-0.00123270
0.03722854
-0.07752941
-0.02811257
-0.02507154
0.02502226
0.02710600
-0.03676904
0.04240608
0.07919992
-0.07284372
-0.02664940
-0.02522726
0.04352716
-0.02922677
-0.04971299
0.04316818
0.01357498
-0.05276733
-0.02885235
0.00156312
0.03044516
0.03482588
0.02374574
-0.07152657
0.04539362
-0.03127791
0.00316701
0.02297676
-0.03069471
0.05010185
-0.06575604
0.03806137
0.02765970
-0.04066977
0.02177541
0.00691038
0.00592418
-0.06066335
-0.04364455
-0.06484372
-0.01995913
-0.07762583
-0.02368241
0.05405850
-0.03394258
0.01104175
0.04503740
-0.04445759
0.01911227
-0.01976779
-0.01136753
-0.04573573
0.05492690
-0.00270847
-0.03693029
0.00460010
0.06622270
0.08269794
0.00192519
0.05410874
0.02940172
0.01895130
-0.02449761
0.03627212
0.03128500
-0.03822219
0.05615163
0.02993141
-0.04802888
0.05697885
0.03100343
-0.01643393
0.00466342
0.02746687
0.02954836
0.01178011
-0.00772022
-0.05021863
0.04333867
0.04305548
-0.04521788
-0.04610957
-0.02054725
0.00515024
0.04290485
0.00693787
0.04557198
0.04108529
-0.07091025
-0.04302770
0.03991276
0.04141288
0.02319466
-0.05818053
0.00791638
-0.01474351
-0.06792687
-0.04285725
0.06087451
0.06503379
-0.02414121
0.06966557
-0.08025334
0.03506808
0.05462211
0.06097915
-0.00451377
0.02514157
0.02178536
0.00441263
-0.05791618
-0.01202345
0.00606715
0.05055423
0.04504183
-0.07089331
0.07909938
0.03522110
0.08605496
0.02074454
-0.05195730
0.04440525
0.01368690
0.06315938
0.03739057
0.01990142
0.05409233
-0.06555993
0.00151897
-0.08025550
-0.05426392
0.04328167
0.00766428
-0.03563683
-0.01337210
-0.04701786
-0.04277907
0.01646494
-0.05773935
0.00351811
-0.06014017
0.02315227
0.02471831
-0.00159629
-0.03890673
0.04474055
0.02660709
