1.08138394
1.07645810
1.06216049
1.03287852
1.11023390
1.07457638
1.09252179
1.04112983
1.10397363
1.09811831
1.09496415
1.03563774
1.08152115
1.11202097
1.06930864
1.09728479
1.12540054
1.07872009
1.05919266
1.06060195
1.09919488
1.06149507
0.99022865
1.08577144
1.04154551
1.14187372
1.00788474
1.09340596
1.10999703
1.06680584
1.06579959
1.12203586
1.08218002
1.07120025
1.02454543
1.06766713
1.05729759
1.04585814
1.07171607
1.04284894
1.04506695
1.09808922
1.05550539
1.06631923
1.06249499
1.11868083
1.10330606
1.07198870
1.03140533
1.07857692
1.06973147
1.04850852
1.07111037
1.06347394
1.04714215
1.08716130
1.08570373
1.06993377
1.09794104
1.07303512
1.04678154
1.03171778
1.04917586
1.05158734
1.08969128
1.08039796
1.08879280
1.02837574
1.07436109
1.11436117
1.02206087
1.04290140
1.09429801
1.06319118
1.06989646
1.06539047
1.09510934
0.99767363
1.05437446
1.09816599
1.02714479
1.10776961
1.02396607
1.07276058
1.04962170
1.08576488
1.13558578
1.07490218
1.05879140
1.08318675
1.08275092
1.08046198
1.14025772
1.07089019
1.10366166
1.07058477
1.06419814
1.08280408
1.08119059
1.05689669
1.05998957
1.07369280
1.09078526
1.07236433
1.06010091
1.04101324
1.11748016
1.03103614
1.05760384
1.08173764
1.07495654
1.06183434
1.04383695
1.05875313
1.07545352
1.07925689
1.05177140
1.05990732
1.05089152
1.06885076
1.06834388
1.06974483
1.10124266
1.04852915
1.10456264
1.06967580
1.04219925
1.11816680
1.08765721
1.03093004
1.05453539
1.08159781
1.10371244
1.07110846
1.10214400
1.10562336
1.04221797
1.06682003
1.07428682
1.08843184
1.06867135
1.09997892
1.03290844
1.09141433
1.04987848
1.09404671
1.11984479
1.07616186
1.07800961
1.06163359
1.03997028
1.08421326
1.07157850
1.09183490
1.09746683
1.09894228
1.05153286
1.05762923
1.08282876
1.06205714
1.09958434
1.04479575
1.07783437
1.09187305
1.06755495
1.05885255
1.07290399
1.09092700
1.06497419
1.09927332
1.09632659
1.06315148
1.05135989
1.06828201
1.09458697
1.12336111
1.07350671
1.10942996
1.05136168
1.08553839
1.03783906
1.06693780
1.08225989
1.04029715
1.03361106
1.08444154
1.02741671
1.06314039
1.08463967
1.08180523
1.10465074
1.07342732
