0011110000010000
0011110000011000
0011101111011100
0011110000000100
0011110000111011
0011101111111011
0011110000011011
0011110000001100
0011110000001010
0011110000000000
0011110000000111
0011110000101000
0011110000001100
0011110000011100
0011110000100011
0011110000100000
0011110001001011
0011110000001001
0011101111011010
0011110000011011
0011110000010001
0011110000100000
0011110000101011
0011110000000110
0011110000001100
0011110000000100
0011110000001011
0011110001000111
0011101111011111
0011110000100001
0011110000011001
0011110000110110
0011101111111111
0011110000101100
0011110000001101
0011110000011011
0011110000110101
0011110000001000
0011110000010101
0011110000010000
0011110000001101
0011101111000001
0011110000000110
0011110000010110
0011110000100111
0011110000011011
0011101111101110
0011110000010001
0011110000011110
0011110001000000
0011110000011110
0011110000100010
0011110000001010
0011110000100101
0011110000001110
0011110000000111
0011110000010100
0011110001001001
0011110000101100
0011110000011001
0011110000011011
0011110001010100
0011110000100110
0011110000100101
0011110001000100
0011110000001101
0011110000011000
0011101111011001
0011110000011011
0011110000011111
0011110000000010
0011110000110110
0011110000010000
0011101111111000
0011110000001010
0011110000010110
0011110001010110
0011110000000110
0011110000100011
0011110000110111
0011110000010100
0011101111110011
0011110000010000
0011110000101101
0011110000001011
0011110000001100
0011110010000101
0011110000010110
0011110000010011
0011110000011100
0011101111110111
0011110000011011
0011110000000011
0011101111110100
0011110000010001
0011110000110000
0011110000000101
0011110000010010
0011110000000100
0011110000010001
0011110000011001
0011110000001110
0011110000100110
0011110000100100
0011110000101110
0011110001010000
0011110000110010
0011110000011001
0011110000001011
0011110000010011
0011101111100111
0011110000111101
0011110000011111
0011110000001100
0011110000101000
0011110000001110
0011110000110010
0011110000000001
0011110000001110
0011101111101101
0011110001001011
0011110000001100
0011110000100001
0011110000010111
0011110001000111
0011110000100101
0011110000110011
0011110000011000
0011110000100101
0011110000001011
0011110000101101
0011110000101011
0011101111110100
0011110000101111
0011110000010001
0011110000110000
0011110000011101
0011110000010101
0011110000001000
0011110000011001
0011110000010110
0011110000011111
0011110000100010
0011110000110100
0011110000101010
0011110000101010
0011110000100101
0011110000010001
0011110000000000
0011110000110100
0011110000010111
0011110000111001
0011110000010101
0011110000000010
0011110001000000
0011101111110111
0011110000100001
0011110000111000
0011110000000100
0011110000100011
0011110000011000
0011101111111000
0011110000011011
0011110000010101
0011110000101010
0011110000011010
0011110000000111
0011110001001100
0011110000101001
0011101111101001
0011110000101000
0011110000100110
0011110000000000
0011101111100001
0011110000010100
0011110000011101
0011101111110011
0011110000111000
0011110000011011
0011110000101100
0011110000111001
0011110000011000
0011110001001100
0011110000111010
0011110000010000
0011101111110011
0011101111011100
0011101111010100
0011110000010111
0011110000011000
0011110000111011
0011110000101001
