0.90658903
0.95494968
0.90047276
0.96766597
0.93741792
0.90005249
0.97919685
0.98353034
0.91429168
0.93214977
0.92388976
0.98896962
0.91202748
0.97309428
0.91655642
0.91200107
0.89885783
0.87416148
0.97509110
0.94449639
0.94929880
0.93893141
0.94556808
0.90892386
0.90424377
0.96178359
0.93441260
0.93277723
0.91513801
0.94588834
0.96097040
0.91107082
0.93311954
0.89959800
0.94949776
0.93419319
0.96068501
0.94403958
0.90474814
0.97502500
0.93870711
0.93384266
0.89733005
0.95851254
0.87891042
0.90524822
0.94938695
0.92594945
0.95968151
0.92867154
0.90704024
0.93201429
0.91943443
0.94772154
0.88418114
0.92390114
0.96773767
0.84066063
0.88235611
0.95572603
0.96091902
0.93918765
0.95022500
0.97064930
0.96995878
0.94096589
0.97983807
0.97298151
0.93168527
0.95163566
0.96854359
0.98466569
0.93443114
0.97195947
0.96237069
0.91336763
0.91819340
0.89758360
0.97971767
0.92647737
0.86191207
0.97988421
0.98337513
0.93511289
0.93171781
0.93332946
0.87845290
0.95281357
0.89284438
0.90452445
0.94462466
0.92261207
0.94225246
0.90026480
0.91735011
0.91448116
0.89556831
0.95445275
0.95640212
0.92106730
0.96448737
0.90223217
0.94409734
0.92294073
0.93205434
0.93093294
0.88792086
1.00823689
0.96001273
0.93801486
0.91578519
0.90118104
0.93556553
0.92472768
0.92028123
0.90543729
0.98482573
0.93802428
1.02233303
0.93609357
0.89647448
0.94495964
0.92878485
0.92868549
0.86525673
0.92601150
0.92880410
0.97804183
0.92030370
0.91556376
0.97304732
0.93190634
0.91432333
0.97194791
0.95187521
0.91555113
0.91346329
0.86833090
0.96481925
0.89513785
0.89768392
0.92851973
0.93846881
0.88881421
0.85780835
0.93703759
0.95351768
0.92137951
0.96129757
0.95856702
0.94454509
0.96885669
0.96849465
0.94139278
0.93445957
0.89769858
0.97528172
0.91529661
0.90549362
0.91727108
0.96423674
0.90991479
0.94375908
0.95177639
0.94111210
0.92808324
0.96386683
0.88782454
0.86800122
0.95653278
0.92907578
0.90472662
0.94004881
0.89860171
0.90657002
0.91231257
0.96563780
0.88701314
0.94373584
0.95778310
0.93833196
0.92383420
0.93402594
0.88092232
0.94237024
0.94834656
0.96632653
0.90650201
0.98232776
0.96353024
0.90817893
0.86858892
