0011101110101111
0011101111000011
0011101110110011
0011101111101011
0011101110001011
0011101101101010
0011110000010010
0011101111010001
0011101111100100
0011101101110001
0011101101000100
0011101111011111
0011101110101001
0011101111000110
0011101110000100
0011101111101011
0011101111000011
0011101111111101
0011101111100000
0011101110010111
0011101111011111
0011101111011101
0011101110001000
0011101110000010
0011101111110000
0011101111000001
0011110000000000
0011101110000010
0011101111001011
0011101111011000
0011101101101101
0011101100111011
0011101111001111
0011101110010010
0011101111100100
0011101101110001
0011101111010111
0011101101011101
0011101110111001
0011110000000111
0011101110111110
0011101111001001
0011101101001110
0011101111111110
0011101011100011
0011101110101111
0011101110110100
0011101101110000
0011101111001011
0011101111100110
0011101101000111
0011101111001000
0011101101110010
0011110000000111
0011101101011011
0011101110110011
0011101111101110
0011101101001010
0011101110011011
0011101110111110
0011101110111101
0011101111111010
0011101110111000
0011101111101100
0011101110100100
0011101101101011
0011110000011100
0011110000001101
0011101111011011
0011101111111001
0011101111001101
0011101110100000
0011101111001100
0011110000010001
0011101111011001
0011101111100101
0011101110011110
0011110000011100
0011101110100100
0011101110011101
0011101110000100
0011110000001111
0011101111001101
0011101111101110
0011110000000001
0011101111011000
0011101101110111
0011101110110001
0011101110001100
0011101101001001
0011101101000110
0011101110110110
0011101110011001
0011101110001101
0011101101101011
0011101110100110
0011101101011111
0011101111000001
0011101110101001
0011101111100000
0011101111110110
0011101111000010
0011101111100000
0011101111001111
0011101110110100
0011101110100111
0011101110000010
0011101111100010
0011101111101001
0011110000001100
0011110000000001
0011101110000101
0011101110000011
0011101111100010
0011110000000001
0011101110000000
0011101111011101
0011101110001010
0011110000000100
0011101101011110
0011101110001011
0011101110101001
0011101110111000
0011101111000111
0011101100010010
0011101111011000
0011101110000110
0011101111100111
0011101110100100
0011101100101001
0011101111011000
0011101110001010
0011110000011101
0011101111110001
0011101111101100
0011101110111010
0011101111000000
0011101110001100
0011101111100010
0011101101110100
0011101101101111
0011101101111100
0011101101111110
0011101110001011
0011101110001111
0011101110010000
0011110000011000
0011101110110011
0011101110001011
0011101110111010
0011101111110000
0011101110011000
0011101101111001
0011101111011001
0011101111010111
0011101110110001
0011101111100110
0011101111100010
0011101110111001
0011101111101111
0011101101100001
0011101111000100
0011110000010101
0011101110011000
0011101101111010
0011101110011110
0011101111011000
0011101110001101
0011101101010110
0011101101101010
0011101110010110
0011101110001100
0011101111110010
0011101111010100
0011101101001110
0011101110011111
0011101111110010
0011101101011110
0011101111011110
0011110000010110
0011101110101010
0011101110110001
0011101101110001
0011101111010001
0011101111000000
0011101111001111
0011101110101000
0011101101100110
0011101111010110
0011101111101001
0011101110010011
0011101110011100
