-0.07248046
-0.03063883
0.03819407
-0.04501191
-0.02478043
0.05543891
0.02711158
0.01270259
0.04899242
-0.05209106
0.05116310
-0.00818046
-0.00567976
0.06573013
-0.04109203
-0.00071191
-0.02448461
-0.03770740
0.01114147
0.01903119
0.06872537
-0.07313497
-0.02014128
0.00637395
-0.00291773
-0.06237646
0.05084274
-0.05916108
0.02230180
0.07770573
0.05883592
-0.06847678
-0.05475975
-0.00960488
-0.05501273
0.04398017
-0.04046020
-0.05473404
0.04939233
0.01160254
-0.02233315
0.05112978
-0.00495762
-0.04909808
-0.02958797
0.03419414
-0.05984866
-0.00084192
-0.01653623
-0.05431864
0.05459990
0.05632749
-0.03758764
-0.04605847
-0.00273912
0.05479663
-0.08792321
-0.02590434
-0.00284928
0.07128405
0.03697014
0.00553156
-0.03545753
-0.07749649
-0.04981127
0.03205167
-0.06258947
0.03008220
0.03816815
0.03029421
-0.06295221
-0.00918179
-0.04451698
0.04096578
-0.03996267
0.05506835
-0.02665737
-0.08179670
-0.00376195
0.06159831
0.06342412
-0.06300801
0.03107813
-0.08352570
0.05522718
0.02377969
-0.09526575
-0.04807575
-0.02944071
-0.07767463
-0.04379535
-0.01943257
-0.07725670
0.03655018
-0.01494182
-0.05519067
-0.03627149
-0.06689483
-0.02046975
0.03106173
0.02498045
0.08179223
0.08468986
-0.01249270
0.03487231
-0.00808677
0.03873007
-0.02813255
0.02266282
0.06459375
0.02920333
0.03868201
-0.00591334
0.07715591
-0.01219276
0.03827254
0.03938080
-0.04383682
-0.02824339
-0.03971518
-0.00409899
-0.06795713
0.01830848
-0.05524194
-0.01108497
-0.02583061
-0.00463723
0.03573500
-0.07495959
-0.06302717
-0.06290141
-0.02176971
-0.04251892
0.04215027
-0.04373628
0.02509406
0.00082994
0.01280823
-0.02500467
0.01172510
-0.07807605
-0.06878992
0.02097732
-0.01486091
0.05427914
0.02087627
-0.00372176
-0.00598870
0.04761608
0.01555423
0.06391033
0.03955870
0.02237787
-0.04088105
-0.04267083
0.02118711
0.00733663
-0.06236511
-0.03731300
-0.04486029
-0.07353733
-0.04617840
0.00334136
0.01992317
-0.03224380
-0.03545843
-0.02027547
-0.01582818
-0.04011624
0.01731451
-0.07106271
-0.05768263
0.03528926
0.02148469
-0.03407105
-0.05003249
0.02273603
0.00566770
-0.07578635
0.06684265
0.04645907
0.00135140
0.06515001
-0.06143555
0.07097124
0.06626815
0.04872163
0.06824656
-0.00900391
0.05483752
-0.00805832
-0.07863779
