2.01056623
-1.06991053
-1.82531631
-0.78830397
-0.52101105
2.19351649
-1.44135892
0.13471994
1.33705139
-1.87709308
-0.64034760
1.69874513
1.73694003
-1.10736406
0.04204742
0.20464890
0.72741264
-0.09224062
1.03284717
-0.00120755
0.16877349
0.73198348
-0.23556077
1.03769839
0.96357912
0.47340637
-0.29005209
-0.53148985
0.57666302
-0.13720094
1.41427529
-0.23383848
1.32905698
-0.84292299
0.40484741
2.28904366
1.06401777
-1.04915333
-0.94586009
-0.56291568
-0.93332237
0.06665048
0.08228660
0.99470502
-0.85264945
0.17183468
-0.09875705
1.66575897
-1.88934803
-1.70212710
1.53975546
-1.39696717
0.72035891
0.69653118
-0.88098204
-0.27533984
-2.27255774
-1.42017400
-0.10818135
-0.89871824
0.20553486
0.24847192
-0.14792036
-0.01853609
-0.09161895
-0.77899277
0.49589723
-1.01867020
0.16930690
0.72267741
-0.67333066
0.38499099
-0.17613545
-0.16450970
-0.35299698
-0.63716441
-0.87160939
0.86105978
-0.97388595
-0.83637816
0.12089234
1.85684490
1.01186252
-1.12588549
-0.05934577
0.49753535
0.80901676
0.73223078
0.06177089
-0.19668856
-0.57743847
-0.11525720
-2.35063910
0.13353509
0.66783798
1.29814768
-0.91771102
-1.49741495
0.11102014
0.39911574
0.25406170
-0.80417794
-1.76870501
0.30916488
-1.00017762
-1.89279032
-2.21249151
0.55094081
-0.65253347
0.94448996
0.30353451
0.82959157
-0.67539418
0.65816700
1.49361348
0.22701383
-1.23110557
-1.84373045
0.53194046
0.41586652
0.36991206
-1.15769672
-0.17252985
-1.34406114
-0.33803114
0.53090805
-0.02303165
0.90111339
1.31618762
-2.85434175
-3.19297552
-0.11025041
0.00816927
0.30688027
1.56739914
-0.63539648
-0.88698757
-0.97669029
-0.04086729
-1.10982609
-0.77980810
1.08093739
-0.96500474
2.97749400
1.15926945
0.20743699
0.25426286
1.73764622
0.22873694
0.37374115
0.81093967
1.54570901
-0.70854408
2.95277429
-2.12454987
0.69320941
-0.98094928
-2.74269867
1.23510349
0.16873799
1.37050045
-0.65401345
-1.01346767
-0.32540455
0.81938928
0.30841732
2.69354939
-0.96693587
0.62653410
0.24580441
0.68415242
0.48262933
0.90407687
-1.50903893
-0.17403498
-0.85542959
0.78172636
0.96963584
1.45040274
1.70307088
0.55483752
0.07444734
1.64505100
0.72010052
-1.70243824
-1.89694917
0.77159357
0.29892698
-1.74319756
0.88720673
0.15684557
-2.27687383
