0100000000000101
1011110001001000
1011111101001101
1011101001001110
1011100000101011
0100000001100011
1011110111000100
0011000001010000
0011110101011001
1011111110000010
1011100100011111
0011111011001100
0011111011110011
1011110001101110
0010100101100010
0011001010001100
0011100111010010
1010110111100111
0011110000100010
1001010011110010
0011000101100111
0011100111011011
1011001110001010
0011110000100111
0011101110110101
0011011110010011
1011010010100100
1011100001000000
0011100010011101
1011000001100100
0011110110101000
1011001101111100
0011110101010001
1011101010111110
0011011001111010
0100000010010100
0011110001000010
1011110000110010
1011101110010001
1011100010000001
1011101101110111
0010110001000100
0010110101000100
0011101111110101
1011101011010010
0011000110000000
1010111001010010
0011111010101010
1011111110001111
1011111011001111
0011111000101001
1011110110010110
0011100111000011
0011100110010010
1011101100001100
1011010001101000
1100000010001100
1011110110101110
1010111011101100
1011101100110001
0011001010010100
0011001111110011
1011000010111100
1010010010111111
1010110111011101
1011101000111011
0011011111101111
1011110000010011
0011000101101011
0011100111001000
1011100101100011
0011011000101001
1011000110100011
1011000101000100
1011010110100110
1011100100011001
1011101011111001
0011101011100011
1011101111001011
1011101010110001
0010111110111101
0011111101101101
0011110000001100
1011110010000001
1010101110011001
0011011111110110
0011101001111001
0011100111011100
0010101111101000
1011001001001011
1011100010011111
1010111101100000
1100000010110100
0011000001000110
0011100101011000
0011110100110001
1011101101010111
1011110111111101
0010111100011011
0011011001100011
0011010000010001
1011101001101111
1011111100010011
0011010011110010
1011110000000000
1011111110010010
1100000001101101
0011100001101000
1011100100111000
0011101110001110
0011010011011011
0011101010100011
1011100101100111
0011100101000100
0011110111111001
0011001101000100
1011110011101101
1011111101100000
0011100001000001
0011011010100111
0011010111101011
1011110010100001
1011000110000101
1011110101100000
1011010101101001
0011100000111111
1010010111100101
0011101100110101
0011110101000100
1100000110110101
1100001001100011
1010111100001110
0010000000101111
0011010011101001
0011111001000101
1011100100010101
1011101100011001
1011101111010000
1010100100111011
1011110001110000
1011101000111101
0011110001010011
1011101110111000
0100000111110100
0011110010100011
0011001010100011
0011010000010001
0011111011110011
0011001101010010
0011010111111011
0011101001111101
0011111000101111
1011100110101011
0100000111101000
1100000001000000
0011100110001100
1011101111011001
1100000101111100
0011110011110001
0011000101100110
0011110101111011
1011100100111011
1011110000001110
1011010100110101
0011101010001110
0011010011101111
0100000101100011
1011101110111100
0011100100000011
0011001111011110
0011100101111001
0011011110111001
0011101100111100
1011111000001001
1011000110010010
1011101011011000
0011101001000001
0011101111000010
0011110111001101
0011111011010000
0011100001110000
0010110011000100
0011111010010101
0011100111000011
1011111011001111
1011111110010110
0011101000101100
0011010011001000
1011111011111001
0011101100011001
0011000100000101
1100000010001110
