1010000100010001
0010010001111100
0010000101001010
0010101011110101
0010010001000001
0010101100001101
1001110110111000
1010101000010110
0010010000111100
1010100011010001
0010011101010101
1010100001011101
0010000010001011
1001100011000111
1010100010110000
0010010001001111
0010010010001110
0010000111000100
1010100111010010
1010100010111111
0010100011010110
1010101001000100
0010000000011010
0010010111001001
1010100101110010
0001100111000010
0010001101001111
1010010110010010
1010001000101110
0010011111110101
0010100111000000
1010010110101011
1010101001001010
1010000001010010
0010101101101110
1010100010000101
0010010101111010
0010010111111110
0010100001010101
0010010010110101
1010000100000000
0010100111001010
0010010011000011
1010011000011011
1001100111111001
1010011100010101
1010011011000111
1001110101100101
1001110110110001
1010010100110101
0001010110000100
0010000001001000
1010010101101001
1001011011110001
0010000010001010
1010011000001010
1010101010111100
0010000111011001
0010000010011001
0010001001110101
0010101000100111
1010000001110101
1010010000001010
0001011110010010
0001111101101001
0010010110010010
0010100001110111
1010110000101001
0010001010110001
0010010101011000
0010001111000111
0010010110100001
0010010111100111
0010010001111010
1010010001011100
0010001010010000
0001101110111100
1010101110110010
0010001110110100
0010001110011011
1010000000100110
0010011100111011
1010010011011100
1010110011000010
0010010111001001
0010010110001000
1010000111010000
0010000101000110
0010011000011100
1001111101001110
0001111100011000
0010011011101011
1010010001011111
1010000111011010
0010010011101001
0010001011011001
1010110011011010
1010000111001111
0010100100110000
0001111000010100
0001111110100110
0010001001010100
0010000111110111
0010000101111001
1000101000100001
0010000000111100
1010011101000010
1010101111001110
1010101010110010
0010000100110011
1010011110010110
1010011011010111
1001100010111111
0010010101101011
1001100000110011
0010010001100110
1010011111011000
0010000011111111
0010010100111100
0010010110100000
0010010010010101
0010001001011000
0001110110000110
1001100111100110
0010010101101000
0010001011011010
1010100000110100
0010001011000011
1010001011001000
0010010100111111
1010110000100111
1010010000010110
0010010110011010
0010011011011111
0010010101101101
0010000010001010
0010101110100111
0010100100111111
0010010011010111
1010010101010011
1010000111100001
0001110111001110
0010000101110001
1010011101001001
1000100011001101
1010001000101100
0010010110100001
0010001110110011
0010010111010100
1010110000011000
0001110001001110
0010010100101010
1001111100011111
0010100010001100
0010001001011100
0010000000110000
1010100100111111
0010010101010011
0010010001111101
0001111110011101
1010010011100000
0010011011111011
0010011000111010
0010100010001001
0010011000011001
0010100000100010
0010101010000111
1010000101110001
0010000110000101
1010101010011011
1001111100010000
1000111110100101
0010100101010111
0010010011000101
1010011010001010
0001011011110111
1010101010111001
1001001010011110
0010010101011100
1010010101001110
1001110111000000
0010010011011010
0001110101000011
0010000000101111
0010010011000011
0010011111101001
0010001010000110
0001111100000010
1010011001100100
1010100001011011
1010101010011110
1001101110110001
