0.06506439
-0.04236015
-0.03391367
0.00760338
-0.03854554
-0.01596980
-0.01961966
-0.00653034
-0.04447066
0.03903947
-0.02081914
0.06018900
-0.05470207
0.00005541
0.04051355
-0.06413984
-0.07010183
-0.07314210
0.03478310
0.05918539
-0.03858365
0.05775988
-0.00746620
-0.03711735
0.03900009
-0.04165236
-0.07720257
0.00126605
0.02733383
-0.05667356
-0.03353989
0.00655843
0.03900558
-0.01379517
-0.05444849
0.04728588
-0.03202429
-0.03576314
0.00617440
-0.04194822
-0.02355634
-0.05370433
-0.03358752
0.03637956
-0.01564628
-0.00115275
0.05069572
0.00730244
0.05137205
-0.03769345
0.08925144
0.01002325
0.06267912
-0.04963724
-0.02618897
0.02902417
0.03048206
0.00821816
-0.02615475
-0.06589786
-0.06131124
-0.07171184
-0.00678645
0.04709836
-0.00645544
-0.03849611
-0.03815928
0.06123639
-0.03281016
-0.04581800
-0.04838122
-0.03515837
-0.03195700
-0.03289632
0.03784540
-0.05542430
-0.00203037
0.05846571
-0.03262751
-0.01925075
-0.04455385
-0.03325299
0.04044043
0.05070689
-0.06418210
-0.05013878
0.02295068
0.01511772
-0.06929706
0.04655235
-0.03260974
-0.01127338
0.06213184
-0.03743432
-0.01740262
0.07050455
-0.00734896
-0.03790304
-0.04999416
-0.01103205
-0.04250224
-0.00240603
-0.00114701
-0.05154041
0.05579699
0.04877811
0.05437768
0.04454901
0.06189399
-0.00788286
0.00757307
-0.00304389
-0.03824707
-0.03518949
-0.02348125
-0.05743772
0.03547035
-0.02341571
-0.03057965
-0.02693627
0.00532031
-0.01907920
-0.01483891
0.06499036
-0.00007900
-0.03323821
0.03429498
0.02395388
0.04634376
-0.03812822
0.06178831
0.02627805
-0.02434746
-0.05837411
-0.04173819
0.03792882
-0.03019938
0.02397871
-0.04969095
-0.02286285
-0.02780333
0.02946479
-0.06235992
-0.00187452
-0.01279910
0.07173214
0.02110784
0.03709375
-0.01621458
0.03592782
-0.03658781
-0.01986752
-0.00688861
-0.04251840
0.04794205
0.00250288
0.04455926
-0.04582079
-0.05500019
-0.06058409
0.02911637
-0.03563775
-0.07931170
-0.09014914
-0.02006817
-0.00982505
-0.05009073
0.06520497
-0.08583289
0.02289574
0.02169656
-0.01890487
-0.02952780
-0.00878656
0.02642087
0.02295784
0.08465485
0.02269400
-0.06012435
0.04618968
0.00610332
0.05247680
-0.01466684
0.05012852
-0.01605991
-0.05380849
-0.04046895
-0.02737099
0.04535514
0.05567588
0.03993853
0.04602341
