Layer: classifier.2.weight
Parameters:
[0.9869353  1.0016772  1.0445387  1.0618182  1.0261286  0.98448
 1.0502104  1.073938   1.0209371  1.055198   1.113034   0.96202743
 1.0001127  1.0460532  1.0401744  1.0090094  0.9987826  1.0399356
 1.1219567  1.0195642  1.0275062  1.0091527  1.0113143  1.0439727
 1.005008   1.0487869  1.0299461  1.0489775  1.0820886  1.0642596
 1.0137011  1.046851   0.99983513 1.056324   1.0224096  1.0165366
 1.0168569  1.0309877  1.1327181  0.99271685 1.0408716  1.0054816
 1.0864762  0.9970105  0.9911643  1.091834   1.061684   1.0404162
 1.0042945  0.99071366 1.0316498  1.0464424  1.0421228  1.0967777
 1.083288   1.0448211  1.112016   1.0753877  1.0049423  0.9990901
 1.0835723  1.0625181  1.0337312  1.0180869  1.0756935  1.0204445
 1.0076044  1.0275608  1.0605959  1.0178549  1.037807   1.0282015
 1.050537   0.98066854 0.9816936  0.9748162  1.0157114  1.0648679
 1.0530709  1.0021408  1.0816189  1.0402836  0.9453543  1.0772899
 0.97352326 1.0431122  1.0451477  1.0531241  1.0148265  1.0310507
 1.0864719  1.0805854  0.9906493  0.93185395 1.0350025  1.0352968
 1.0686121  0.9948571  1.0252609  0.9974948  1.11356    0.99866945
 0.9922781  0.9982946  1.0667315  1.0588518  1.0014092  0.9778818
 0.9919603  1.1051831  1.0173022  1.0051229  1.0213817  1.035091
 1.0634654  1.0168295  1.0958548  1.0389576  1.0226656  0.9165435
 1.0484092  1.0200393  1.0341033  1.0542376  1.0411756  1.0196306
 0.972418   1.0764815  1.1241615  1.0139647  1.111638   1.0503365
 1.0084369  1.028907   0.9865978  1.0158373  1.0473294  0.9861476
 1.116155   1.0453875  0.98899543 1.0933101  1.0416551  1.1444128
 1.0365789  1.073484   0.9710537  1.019054   0.9734527  1.0056505
 1.0308886  1.0658817  0.9954853  1.0462136  1.1000414  1.1156285
 1.1235363  1.0315795  1.0127772  1.0709088  1.0542684  1.0088294
 1.0746839  1.081517   1.037845   1.0953454  0.9910719  1.0274729
 1.0463405  1.0468583  1.0702146  1.0340205  1.0035627  1.001817
 1.0243753  1.0388114  1.0134932  0.997807   1.1182702  1.0231375
 1.074402   1.0719286  1.0091012  1.0237336  0.9743648  1.0028409
 1.0637434  1.0179884  1.0187252  1.0806109  1.0166925  1.014419  ]

