Layer: classifier.1._packed_params._packed_params
Quantized Weights:
[[-33  -3  -2 ...  52 -12   6]
 [  8  31   1 ... -12 -47  44]
 [ 14  46  49 ... -45  36 -18]
 ...
 [ 21 -37 -45 ...  -4 -55  22]
 [ 40  45 -36 ...  60 -19  40]
 [ -5  23 -40 ... -50 -31  -9]]
Quantization Scale: 0.0015736657660454512
Quantized Bias:
[-6.62324354e-02  4.76737134e-02  8.04867782e-03 -5.27416989e-02
  3.71367708e-02 -7.10056126e-02  4.78964560e-02 -6.56539351e-02
 -6.18901886e-02  5.08324876e-02  1.64901768e-03 -1.73125695e-02
  7.11479783e-02  6.33034930e-02 -1.00624347e-02  2.61462443e-02
 -5.77469282e-02 -2.05985643e-03 -3.71485129e-02  1.30915195e-02
 -5.76390401e-02  7.38482177e-02  5.89286424e-02 -5.91866821e-02
  5.50899617e-02  6.70925900e-03  2.85394210e-03  4.46938770e-03
  4.80930209e-02  6.75319880e-02  3.77676375e-02  5.53348586e-02
 -3.29157934e-02 -1.59623772e-02 -6.28551319e-02  5.27960435e-02
 -3.74373980e-02 -1.57226454e-02 -7.99970254e-02  7.42462575e-02
  2.11740844e-02 -4.47299406e-02  2.84194537e-02  4.36697714e-02
  2.50712708e-02 -1.26027232e-02 -3.43410000e-02 -4.90380600e-02
 -5.28051108e-02  3.46608385e-02  2.59951130e-02 -4.59364317e-02
  6.03792779e-02  9.25351959e-03 -1.00339931e-02  3.34609263e-02
 -7.10275816e-03 -1.93394795e-02  1.13253675e-01  6.50360510e-02
 -3.21303830e-02  5.46761565e-02 -3.45312506e-02 -3.67904454e-03
 -2.30239145e-02  3.62770334e-02 -2.79798228e-02  5.38870022e-02
 -7.10655451e-02  4.95691784e-02 -3.56765427e-02 -5.92087917e-02
 -7.30832070e-02 -1.25683481e-02 -5.05094416e-02 -6.04685359e-02
  1.86217297e-02  6.18475452e-02  5.74953333e-02  1.64726414e-02
 -6.61484078e-02 -4.69841436e-02  1.85135417e-02  8.87241040e-04
 -7.11474642e-02  3.73040214e-02 -1.10162999e-02  5.41638546e-02
 -5.49605023e-03  4.95839380e-02  3.24353501e-02  1.71258952e-02
  3.67557677e-03  3.99922580e-02 -4.59863208e-02  5.31925261e-03
  5.92771694e-02 -4.85793203e-02 -5.21036498e-02 -7.33539564e-05
 -4.23251726e-02  1.66804567e-02  4.77837995e-02 -8.55123550e-02
 -3.57773132e-03 -9.75615811e-03 -7.46342540e-02  1.99371832e-03
 -6.23150729e-02 -1.05367331e-02  2.14217491e-02 -1.69250704e-02
 -6.70073479e-02  3.03073470e-02 -2.43550842e-03  9.80773289e-03
  4.54174019e-02  1.72661729e-02 -3.55764851e-02 -5.09424545e-02
  4.30872105e-02  3.54228951e-02  6.70558959e-03  4.02509645e-02
 -8.91458318e-02 -9.98714939e-03  2.85945050e-02  6.27909787e-03
  8.70537981e-02  5.78845143e-02  1.78464092e-02  2.11501028e-03
  5.76633252e-02  2.53014769e-02 -2.81128362e-02 -7.43219331e-02
 -8.11430514e-02  6.70170337e-02 -4.44177575e-02  2.97195893e-02
 -8.47465172e-03 -6.12258874e-02  3.52399834e-02  6.08926266e-02
 -7.24168569e-02  1.04745496e-02 -8.62365440e-02  2.34566852e-02
  3.17311324e-02  5.13440855e-02 -4.17487919e-02  3.43331210e-02
 -4.26543728e-02  1.19771331e-03 -3.08596846e-02 -6.43956438e-02
 -2.54799817e-02  2.62446981e-02 -1.62389651e-02  1.75720528e-02
 -3.80865522e-02  2.69352645e-02  6.57302961e-02  5.88368475e-02
  5.56642897e-02 -7.53343385e-03  5.18644713e-02 -7.19578415e-02
  4.89281043e-02  1.09681962e-02  4.21431288e-02 -5.67900538e-02
 -4.36345153e-02  1.00089898e-02  3.91579084e-02 -2.10272595e-02
  1.53406095e-02  1.25296768e-02 -1.39336959e-02 -5.82292862e-02
 -5.13058621e-03  4.56908308e-02 -1.84818786e-02 -4.06477973e-02
  4.75955643e-02 -9.51960403e-03  5.93778081e-02  6.77778348e-02
  3.79727557e-02  1.99381392e-02  5.51124895e-03  3.84564772e-02]

