0.98693532
1.00167716
1.04453874
1.06181824
1.02612865
0.98448002
1.05021036
1.07393801
1.02093709
1.05519795
1.11303401
0.96202743
1.00011265
1.04605317
1.04017437
1.00900936
0.99878258
1.03993559
1.12195671
1.01956415
1.02750623
1.00915265
1.01131427
1.04397273
1.00500798
1.04878688
1.02994609
1.04897749
1.08208859
1.06425965
1.01370108
1.04685104
0.99983513
1.05632401
1.02240956
1.01653659
1.01685691
1.03098774
1.13271809
0.99271685
1.04087162
1.00548160
1.08647621
0.99701053
0.99116433
1.09183395
1.06168401
1.04041624
1.00429451
0.99071366
1.03164983
1.04644239
1.04212284
1.09677768
1.08328795
1.04482114
1.11201596
1.07538772
1.00494230
0.99909008
1.08357227
1.06251812
1.03373122
1.01808691
1.07569349
1.02044451
1.00760436
1.02756083
1.06059587
1.01785493
1.03780699
1.02820146
1.05053699
0.98066854
0.98169363
0.97481620
1.01571143
1.06486785
1.05307090
1.00214076
1.08161891
1.04028356
0.94535428
1.07728994
0.97352326
1.04311216
1.04514766
1.05312407
1.01482654
1.03105068
1.08647192
1.08058536
0.99064928
0.93185395
1.03500247
1.03529680
1.06861210
0.99485707
1.02526093
0.99749482
1.11355996
0.99866945
0.99227810
0.99829459
1.06673145
1.05885184
1.00140917
0.97788179
0.99196029
1.10518312
1.01730216
1.00512290
1.02138174
1.03509104
1.06346536
1.01682949
1.09585476
1.03895760
1.02266562
0.91654348
1.04840922
1.02003932
1.03410327
1.05423760
1.04117560
1.01963055
0.97241801
1.07648146
1.12416148
1.01396465
1.11163795
1.05033648
1.00843692
1.02890694
0.98659778
1.01583731
1.04732943
0.98614758
1.11615503
1.04538751
0.98899543
1.09331012
1.04165506
1.14441276
1.03657889
1.07348394
0.97105372
1.01905406
0.97345269
1.00565052
1.03088856
1.06588173
0.99548531
1.04621363
1.10004139
1.11562848
1.12353635
1.03157949
1.01277721
1.07090878
1.05426836
1.00882936
1.07468390
1.08151698
1.03784502
1.09534538
0.99107188
1.02747285
1.04634047
1.04685831
1.07021463
1.03402054
1.00356269
1.00181699
1.02437532
1.03881145
1.01349318
0.99780703
1.11827016
1.02313745
1.07440197
1.07192862
1.00910115
1.02373362
0.97436482
1.00284088
1.06374335
1.01798844
1.01872516
1.08061087
1.01669252
1.01441896
