0001100100110110
1010001111001100
0001110010110010
0010001001101001
1001011000011111
0010001000101111
0010011101000001
1010010000001001
0010010000110010
0010011010111010
0010011100000110
1010011111011100
1010000111111100
0010010010101000
0001110000001011
0010010100011111
0001110101110100
1010010110010010
0010000101010101
1001111011010000
0010001110101101
1010000011110111
0010001101001111
0010100000000100
1001000110100110
1010001110011000
0010000000100010
0010001110011000
1010001001100101
0010000100101001
0010000101010011
1010001110010001
0010010000101100
1010011011010010
0010000010101111
1001101001100110
0010000101101101
0010000010010010
1010000101110100
0010101000010101
1010011000000010
0010011011100010
0010000011101011
1001110101111001
0010011101110111
1001111101010010
1001100100101001
0001011100000010
1010011100111111
1001100100000111
1001111011001000
1010000110100100
0001110111110011
1001100001101011
0010010100100111
0001110010011110
1001110110010100
1010100000000010
1010001000101010
0010000000011111
0010011100010010
0010001010001011
1010011000110001
1010011000001010
1010001011111111
1001010101101011
0001111011100011
0001100100000011
0001111100100010
1010000001101101
0010100000100110
0010100001101110
0010011100010101
0010001010101001
1010011110100100
0010100010000101
1010001100001100
1010100000111011
0001111010010101
0010011000011101
1001101101111010
0001111011000110
1010010100001000
1010011001010001
0001111101101001
0010011001010011
1010011010100001
1010011010101111
1010010000110101
1010011100010000
0010010001110100
1010000100101011
0010000101110101
0010010000110011
1010000110100000
1010000111111010
1010010110111100
1010010000101100
0010000011010011
1010011011010100
1010000001011010
0010010110000001
0001011001000011
0010000010100000
1000110000001011
0010010000101110
1010010111100100
1001111110011001
1010010101100010
0010000011011001
1010001011110100
0001101110111101
0010010100111101
0010100010001011
1010001011110100
0010001000000111
1010011011011100
1010000110011001
0010011110100000
0010000110011000
1010001011000111
0010000100011100
0010010000101001
0010000111000010
0001100000110111
1010001110101011
1010101001010110
0010001111100101
1010100000110001
0010011011111010
1010010001001001
1001100010001001
0010100100001010
0010010110001110
0001101100011010
0010010000011110
0010010010011100
0001110000110000
0001101111100000
1001011011100110
0001100011000100
0001110101111110
1001100101000111
0010010000111011
0010011101010111
1010010010110001
1001110000011000
1010100101110010
0010000111011001
0010010001010111
0010010010100001
1010100000000100
0010011111000000
0010010011001100
1010011101101100
0010010110010110
1010001111110011
1010101011100101
1001000000100010
0010100111111110
1010100001111100
0010000000100010
1010010110111111
0010011000000111
0010001101010100
0010011110100001
0010010100101000
1010100010000101
1010010100000010
1010100001110011
1010010010111111
1010001001011010
1010010000110001
1010010001100010
1001100111101010
1010010011110010
0001111001001000
0010010010110011
1010000001011101
1001110110000000
0010010010110010
1010100011110000
0010100001101011
1010100101011000
0010100000101110
0010011101101011
1001110000110111
0010010111011111
1010100100111111
1010001011001110
0010000100011111
0010001100100100
