0.04303004
0.04248452
0.05029504
0.02634487
0.02957247
0.05839763
0.04793624
-0.05621581
-0.00661079
-0.02526508
-0.00976415
0.03762735
0.02556598
0.01423008
0.00789346
-0.03247422
0.01403302
-0.06895437
-0.06909680
0.03475522
0.07871149
0.00180102
-0.07339787
0.02841407
0.00557293
-0.01481803
-0.03527534
-0.00523058
0.01247391
-0.03092402
-0.01086085
-0.05746017
-0.04700528
0.05383182
0.04419520
0.05993120
0.06009111
-0.01297698
0.07747383
0.04212257
-0.01309404
0.03360754
-0.00577102
-0.05029655
0.00824709
0.01180191
0.00983050
-0.01948267
-0.00106475
0.02947061
-0.02663217
0.04142877
-0.00911810
0.05347570
0.01604085
0.02336878
-0.01549897
-0.01006958
-0.04141368
-0.06195542
0.04854753
0.03201227
-0.01676614
-0.00207800
0.05588361
0.01792215
0.03453369
0.02290606
0.05628893
-0.00686866
0.01004271
0.04255934
-0.05139585
0.02798995
0.04630904
-0.01363834
0.00219312
-0.01894219
0.01910474
-0.01448717
0.01136995
-0.01267958
-0.02193701
-0.05199670
0.02326992
-0.02435558
0.01157172
0.00997815
0.03771683
0.03224679
0.02094596
-0.04311042
-0.01066046
0.04703689
0.02790034
-0.04515840
-0.07626759
-0.06578875
-0.02562963
-0.05496942
-0.05739406
-0.02749727
0.06107785
-0.05617991
0.03444386
0.01106381
0.03566423
-0.01427030
0.06164797
-0.02196131
-0.04533229
0.03603783
-0.02746663
0.02345674
0.03667474
-0.04576153
-0.04934400
-0.01156906
0.04313348
-0.01774597
-0.02086485
0.04478916
0.01710211
0.02589503
0.02134035
-0.04634988
0.04340795
-0.06204385
-0.02575541
-0.01618330
-0.00365057
-0.00670157
0.04697023
-0.04700757
-0.05215116
0.00007607
0.02366313
-0.01934472
-0.03327619
-0.00959802
0.01824814
-0.00119008
-0.02934348
0.03873107
0.00210797
0.02662185
0.02401928
0.02988373
0.03981013
-0.02416151
-0.01928210
0.01339546
-0.02918322
-0.03820085
0.01687725
-0.01989289
0.00347725
0.02212619
0.04115408
-0.03353211
-0.04951160
-0.00357109
-0.04871582
-0.04620367
-0.03813850
0.05691985
0.04250611
0.00290251
0.01476522
0.02279520
0.05828461
-0.04110217
0.06347739
0.04532069
-0.01070271
-0.01889892
0.00894260
-0.01199405
0.04431108
0.01463778
0.04552351
-0.02734708
0.01816982
0.00378827
-0.03285182
0.02493330
0.01456219
0.05178269
-0.00533222
-0.01387533
0.00747933
0.01689105
