0.99368393
0.97140610
0.95925045
1.00007939
0.96543342
0.98821867
1.01919830
1.02624094
0.99577641
0.96488982
0.96156085
1.05721605
1.00280142
1.02411854
0.98448062
0.95211935
0.91810751
1.00750184
0.98923290
0.99206865
0.97172749
0.99624574
0.96106756
0.97725850
0.99531502
0.99134445
1.01069486
0.99167413
1.03183484
0.93307817
0.98901421
0.99471080
0.94097227
0.99941730
0.99318016
0.97958630
0.99826586
0.96196777
1.00818837
1.01881349
0.97574413
1.00892007
0.97304356
1.02714074
0.95586950
0.96629500
0.99447227
0.98120630
0.99473798
1.02814555
0.96312404
0.98739296
0.96147484
0.97776228
0.98657966
0.98115188
1.01670671
0.96585947
1.00274706
1.00195539
1.00211966
0.96534556
0.98681366
0.99064177
1.01748621
0.98180920
1.08860874
0.97758985
0.96495968
1.00031388
0.99814671
0.93461263
0.97658598
1.01025736
1.00045073
0.97164613
0.98101908
0.98065710
1.02774560
0.98295587
0.96316791
1.00749028
1.04072750
0.98626912
0.98526025
0.94447070
0.98276258
0.97784352
0.97678506
0.97437888
0.96845156
0.97718006
0.98512006
1.00194037
0.90030885
0.95845681
0.97740310
1.01647890
0.97081268
1.00468814
1.02999914
0.95697552
0.98275954
0.96022004
0.99929047
0.96659011
0.98016751
1.00110030
0.99032223
1.00574875
1.00671303
0.99509269
0.97021163
0.97238266
0.97248715
0.97828555
1.01732683
0.91451132
0.98071814
0.97187620
1.02143431
0.96976781
0.95208490
0.98682725
0.96481425
0.99917030
0.97183937
1.00614512
0.98056036
0.96102178
0.96771634
0.95948315
1.03868282
0.99731773
0.99217486
0.95297968
1.01132286
0.98955142
0.98580080
0.98748255
0.95179570
1.01368725
0.94316173
0.94799548
0.94648570
0.99081093
1.03527761
0.97741866
0.98806363
1.02397835
0.97283101
0.95824808
0.98575425
1.01191390
1.01939404
0.97948813
0.94013041
0.95963854
1.01297057
0.98247164
1.02569807
0.87087637
0.97378772
0.98177892
0.95680666
1.00639343
0.97069722
1.01298928
0.98859632
0.95466739
0.97143281
0.99006993
1.03103352
1.00490904
1.00267458
0.95696199
0.97421676
0.94769722
1.01039243
0.97603834
1.00821507
0.93998367
0.98761737
1.00886500
0.97674543
0.97718287
0.97988021
0.98657948
1.00747228
1.00613880
0.99229306
1.00121641
