0.02052786
-0.00771284
-0.00753563
-0.00986392
0.00613155
0.04836641
0.02460179
-0.00959479
-0.02517522
-0.05788566
0.00096568
-0.00867922
-0.03409216
-0.00344386
0.02259284
-0.02064409
0.03315438
-0.01059547
-0.02560919
-0.01817161
0.03770919
-0.00698722
-0.03358914
0.00219587
-0.00365749
-0.01413196
0.02373944
-0.01137714
-0.01503532
-0.02259540
0.02046198
-0.01013193
-0.01088954
0.01862025
-0.01104763
0.00390573
0.00592561
0.03161580
0.05249426
-0.00804245
0.01721752
0.02587946
-0.03924647
-0.02329415
-0.03011228
-0.00190696
0.01425559
0.01089346
-0.00224807
-0.01135979
0.03698282
0.01975429
0.00433239
0.00611745
0.02459671
-0.01525679
-0.02076936
0.02259629
0.00586626
0.00133877
0.04398984
-0.03005552
0.01806615
-0.00152643
-0.01966945
-0.00870101
0.02597467
0.00631486
0.00226159
0.06032068
0.00930807
0.01243734
0.01008475
0.02851463
-0.00212047
-0.01504625
-0.00052357
-0.00555841
-0.02027865
-0.02553998
-0.03931126
0.00724160
0.01961613
0.01700709
0.01362610
-0.01238240
0.00590240
0.04118782
-0.01558887
0.01545656
0.01028495
-0.00264565
0.00145461
-0.00044302
-0.04621701
0.01896975
-0.02875181
-0.00551009
-0.01301127
-0.01944716
0.01067824
0.01168123
-0.00221374
-0.01161455
0.01995037
-0.02041605
-0.02208778
-0.01076607
-0.01458909
0.00365861
0.00342451
-0.00849118
-0.03291820
0.01591734
-0.01940091
-0.00183682
-0.05023444
-0.00678215
0.00031822
0.00736354
0.00345959
0.01295545
-0.01029736
-0.02405488
0.01995567
0.00856598
0.01520219
0.00227050
0.01227331
-0.02783434
0.01726341
0.01668319
0.06184538
0.02324493
0.02736694
0.00826894
0.03388128
-0.00196872
0.04194221
-0.05687119
0.02282413
0.03032039
0.03228210
-0.01744783
0.00158825
0.01236502
0.00392795
0.01179738
0.02540343
-0.02566916
0.01319736
0.01819240
0.01279721
0.03826509
0.00931375
-0.00898384
0.01104100
-0.02004210
-0.03688683
-0.01054620
0.01483234
0.00827006
-0.02989628
-0.00940533
0.00432146
-0.01448834
0.01596860
0.02005380
-0.00854718
-0.00109858
0.01210711
0.00722176
-0.00821111
0.03574373
0.01182644
0.02896363
0.00752493
-0.04622598
0.00067010
-0.03100488
-0.02286420
0.02222453
0.00806628
-0.00736496
0.00652155
0.03862988
-0.01682372
-0.01664043
-0.02561470
-0.05556060
0.01145305
-0.00768121
