-0.00989798
0.01752432
0.01033295
0.05435968
0.01661215
0.05507543
-0.00558596
-0.04753345
0.01653331
-0.03762780
0.02864481
-0.03410306
0.00887438
-0.00233313
-0.03661448
0.01682456
0.01779736
0.01126438
-0.04546635
-0.03709104
0.03778108
-0.04894514
0.00801113
0.02260451
-0.04255136
0.00281201
0.01427482
-0.02176578
-0.01206946
0.03108045
0.04491125
-0.02213968
-0.04911846
-0.00843941
0.05805268
-0.03530353
0.02139889
0.02340799
0.03384823
0.01838704
-0.00976605
0.04522624
0.01859691
-0.02385434
-0.00291544
-0.02766753
-0.02647323
-0.00526647
-0.00555807
-0.02034636
0.00134688
0.00836126
-0.02113709
-0.00169473
0.00886612
-0.02359149
-0.05259880
0.01142356
0.00897814
0.01260823
0.04808032
-0.00870184
-0.01577375
0.00184789
0.00723822
0.02176548
0.03488247
-0.06501158
0.01307028
0.02087777
0.01519381
0.02198136
0.02304948
0.01748809
-0.01703606
0.01282004
0.00377595
-0.06012541
0.01504143
0.01485778
-0.00810125
0.02824458
-0.01898596
-0.07432095
0.02259149
0.02160010
-0.01135510
0.01030062
0.02386524
-0.00713164
0.00692792
0.02702613
-0.01707906
-0.01142902
0.01918270
0.01337420
-0.07583033
-0.01134198
0.04052350
0.00593376
0.00746769
0.01235903
0.01165218
0.01068921
-0.00018706
0.00827259
-0.02835368
-0.06098082
-0.05230089
0.01015414
-0.02962917
-0.02672094
-0.00231694
0.02116803
-0.00204961
0.01718238
-0.03063974
0.00975445
0.02045080
0.02197426
0.01789570
0.01239013
0.00539326
-0.00287936
0.02111280
0.01338123
-0.03283527
0.01320994
-0.01324170
0.02049866
-0.06485657
-0.01595837
0.02187853
0.02684337
0.02119388
0.00886199
0.05979727
0.04097583
0.01890820
-0.02080054
-0.01148361
0.00566744
0.01062853
-0.02845468
-0.00014646
-0.01205427
0.02199040
0.01503555
0.02277347
-0.06393752
0.00420473
0.02017378
-0.00695464
0.03553049
0.01241726
0.00817523
-0.04097581
0.02079179
0.01753568
0.00743582
-0.01904330
0.02727126
0.02431602
0.03544022
0.02381839
0.03228601
0.05100308
-0.01062416
0.01078064
-0.05159678
-0.00689851
-0.00046659
0.04171203
0.01863585
-0.02553951
0.00170042
-0.05252637
-0.00080794
0.02094163
-0.02072164
-0.00561614
0.01895184
0.00513962
0.00817042
0.01860783
0.03089454
0.01273755
0.00684283
-0.02496352
-0.03402233
-0.05169702
-0.00375649
