0.99496132
0.85898215
0.91806448
0.77960968
0.96396589
0.80293441
1.09168255
0.86501777
0.94019264
0.90813017
1.01256108
1.04833448
1.00269699
0.86478776
0.74636346
0.99272978
0.86185968
1.01553535
0.86924148
0.83076113
0.84464127
0.95125836
1.06969941
0.99902827
0.91080362
0.99154341
0.86594796
0.93847197
0.91101599
0.96407443
0.96635461
0.91508782
1.09537661
0.72543436
0.87623417
0.95932150
0.91031861
0.99149442
0.88181704
0.82860351
0.92202574
0.95233947
0.82279235
1.04752839
0.83851933
0.92018342
0.95181298
0.88064748
0.78326178
0.99294871
0.93392372
0.97806334
0.95696038
0.98008692
0.99984783
0.78620750
0.75173777
0.93797320
0.73169822
0.92998314
0.75131387
0.92596626
0.89095300
0.88365501
0.93484151
0.99960291
0.98560119
0.85773426
0.87212998
0.92438483
0.89831305
0.95997947
0.98844069
0.92283934
0.88473874
0.82686257
0.80623525
0.94253218
0.93128401
0.88000947
0.92262357
0.89163893
0.86881381
0.90454483
0.89311141
0.91740030
0.80347174
0.83066583
0.86475420
0.87979746
0.95933932
0.88114244
0.98034835
0.90992290
0.85343397
0.90002275
0.94992566
1.03551006
0.90151644
1.08376932
0.91508341
0.92940599
0.86772716
0.99810034
0.86652374
0.95702291
1.01033485
1.04760504
0.96970600
0.91937727
0.90562773
0.90961927
0.84882581
0.99559951
0.84957075
0.89243394
0.96837729
0.87978345
0.99330628
0.95878571
0.78687453
1.00595033
0.83033651
0.82506806
0.86968619
0.84584957
0.83135396
0.96242607
0.87280500
0.90109313
0.98568553
0.90991080
0.79321498
0.93366647
0.84562832
1.12789071
0.89096129
0.99713069
0.93027961
0.86018646
0.91108626
0.95906758
0.80607027
0.94059050
0.81474072
0.88469183
0.83715934
0.88210338
0.92550731
1.01928067
1.00993645
0.75860864
0.84282166
0.82405198
0.87861747
0.82515717
0.88782179
0.91899854
0.92068452
0.96096730
0.86030316
0.88081336
0.92650402
0.88460320
0.80030441
1.05739236
0.87790394
1.06679142
0.94539392
0.88974345
0.86749583
1.06362200
1.01887333
0.98713642
0.91824079
0.76113367
1.09927654
0.93526763
0.98234040
0.94807810
0.91438353
0.84699750
0.93461448
0.91844827
0.82926428
1.11401010
0.84641689
0.89246827
1.01750338
1.03790271
0.88515544
0.85226232
