0010010101000001
1001111111100110
1001111110110111
1010000100001101
0001111001000111
0010101000110001
0010011001001100
1010000011101010
1010011001110010
1010101101101001
0001001111101001
1010000001110010
1010100001011101
1001101100001110
0010010111001001
1010010101001001
0010100000111110
1010000101101101
1010011010001110
1010010010100111
0010100011010100
1001111100101000
1010100001001101
0001100001111111
1001101101111110
1010001100111100
0010011000010100
1010000111010011
1010001110110011
1010010111001001
0010010100111101
1010000100110000
1010000110010011
0010010011000100
1010000110101000
0001110000000000
0001111000010001
0010100000001100
0010101010111000
1010000000011110
0010010001101000
0010011010100000
1010100100000110
1010010111110111
1010011110110101
1001011111010000
0010001101001101
0010000110010100
1001100010011011
1010000111010001
0010100010111100
0010010100001111
0001110001110000
0001111001000100
0010011001001100
1010001111010000
1010010101010001
0010010111001001
0001111000000010
0001010101111100
0010100110100001
1010011110110010
0010010010100000
1001011001000001
1010010100001001
1010000001110100
0010011010100110
0001111001110111
0001100010100010
0010101110111001
0010000011000100
0010001001011110
0010000100101010
0010011101001101
1001100001011000
1010001110110100
1001000001001010
1001110110110001
1010010100110001
1010011010001010
1010100100001000
0001111101101010
0010010100000110
0010010001011011
0010001011111010
1010001001010111
0001111000001011
0010100101000110
1010001111111011
0010001111101010
0010000101000100
1001100101101011
0001010111110101
1000111101000010
1010100111101010
0010010011011011
1010011101011100
1001110110100100
1010001010101001
1010010011111010
0010000101111000
0010000111111011
1001100010001001
1010000111110010
0010010100011011
1010010100111010
1010010110101000
1010000110000011
1010001101111000
0001101101111110
0001101100000011
1010000001011001
1010100000110111
0010010000010011
1010010011110111
1001011110000110
1010101001101110
1001111011110010
0000110100110111
0001111110001010
0001101100010110
0010001010100010
1010000101000110
1010011000101000
0010010100011100
0010000001100011
0010001111001001
0001100010100110
0010001001001001
1010011100100000
0010010001101011
0010010001000101
0010101111101011
0010010111110011
0010011100000010
0010000000111100
0010100001010110
1001100000001000
0010100101011110
1010101101001000
0010010111011000
0010011111000011
0010100000100010
1010010001110111
0001011010000001
0010001001010101
0001110000000110
0010001000001010
0010011010000001
1010011010010010
0010001011000010
0010010010101000
0010001010001101
0010100011100110
0010000011000101
1010000010011010
0010000110100111
1010010100100001
1010100010111001
1010000101100110
0010001110011000
0010000000111100
1010011110100111
1010000011010001
0001110001101101
1010001101101011
0010010000010111
0010010100100010
1010000001100000
1001010010000000
0010001000110011
0001111101100101
1010000000110100
0010100010010011
0010001000001110
0010011101101010
0001111110110101
1010100111101011
0001000101111101
1010011111110000
1010010111011010
0010010110110001
0010000000100001
1001111110001011
0001111010101110
0010100011110010
1010010001001111
1010010001000011
1010011010001111
1010101100011101
0010000111011101
1001111111011110
