-3.89632732e-02
1.60945691e-02
1.71687007e-02
-1.22180372e-01
1.04400806e-01
5.01598790e-02
-1.52669311e-01
-2.01765448e-01
4.96209227e-02
-9.25006792e-02
3.51658389e-02
-9.07526836e-02
1.93060651e-01
-2.47693881e-01
6.73430115e-02
2.51931757e-01
5.59633737e-03
-1.23721555e-01
1.56933013e-02
3.25721838e-02
-6.21086732e-02
2.49549020e-02
-1.11645721e-01
-1.30866379e-01
1.41536042e-01
1.68896824e-01
-5.59332334e-02
2.06485227e-01
3.70732248e-02
8.74220133e-02
8.06584880e-02
4.47048433e-02
1.88257173e-02
-8.00724104e-02
-1.49220414e-02
1.69408977e-01
2.09901497e-01
2.01013774e-01
-1.35858329e-02
-1.62239805e-01
1.11002699e-01
9.85989943e-02
-1.60647452e-01
-1.26320750e-01
6.87336922e-02
5.99470288e-02
-6.46393448e-02
7.74303451e-02
-1.71706453e-01
-8.78438130e-02
-7.34673962e-02
-5.21479361e-02
-2.80378610e-02
3.41812223e-02
2.45100982e-03
4.56469096e-02
1.31272167e-01
-6.41660839e-02
1.26351668e-02
1.32277161e-01
-1.15943048e-02
-1.30913660e-01
-2.08518520e-01
-1.75636113e-01
1.33165672e-01
6.49045333e-02
-1.75034389e-01
1.66159086e-02
-1.13715112e-01
7.42902160e-02
-1.50062442e-01
-5.49621601e-03
-9.48992148e-02
1.02763370e-01
-2.69488506e-02
-7.31037185e-02
-2.50155479e-02
-7.35669434e-02
-1.79717466e-01
-2.73772683e-02
1.07741684e-01
-5.91695234e-02
5.55328354e-02
1.18978314e-01
1.53694987e-01
1.09342135e-01
9.09415111e-02
2.55546346e-02
8.21111873e-02
1.35852680e-01
1.70578510e-02
7.97682926e-02
-6.91025928e-02
6.97409362e-02
1.04601279e-01
-4.23955172e-03
8.82575363e-02
1.26102865e-01
-1.18410870e-01
-3.22092399e-02
8.29487666e-02
1.46627560e-01
1.49579138e-01
4.56596874e-02
6.84156343e-02
-5.46515658e-02
9.08387676e-02
1.56321481e-01
1.59567162e-01
-1.43780306e-01
-4.36432995e-02
-3.94025398e-03
-5.93620688e-02
2.35026795e-03
-1.01535358e-02
-9.06092152e-02
8.20187330e-02
8.57169479e-02
1.40510842e-01
8.51294622e-02
-5.78673333e-02
6.88794404e-02
-3.23083550e-02
7.53821284e-02
-7.23061264e-02
1.24823838e-01
-3.99421416e-02
-3.46800722e-02
3.52919288e-02
-3.74702998e-02
-1.13617249e-01
-3.67907248e-02
-7.21211731e-02
3.84131595e-02
1.74510144e-02
-1.19871087e-01
1.14754334e-01
4.40525971e-02
4.80562449e-02
-1.70203283e-01
1.50647536e-01
3.04410681e-02
-1.66355416e-01
9.19953212e-02
6.61885142e-02
2.00597160e-02
-2.55935621e-02
5.56987561e-02
-6.85410351e-02
-1.06140748e-01
5.40546700e-02
1.21746868e-01
1.00893945e-01
6.05664551e-02
-2.26598587e-02
-4.59078252e-02
-9.61786732e-02
1.63801506e-01
-8.78846720e-02
1.29128188e-01
-1.45502806e-01
9.21775997e-02
9.84608829e-02
-9.77728982e-03
-8.47522691e-02
6.45870045e-02
3.24584497e-03
7.68217966e-02
-9.53928828e-02
-1.32530466e-01
8.39362592e-02
-6.80431575e-02
-1.66654401e-02
1.17095737e-02
-4.87046503e-02
-3.46077383e-02
-1.74973756e-01
-1.41843349e-01
5.67167699e-02
7.32879266e-02
-7.05417432e-03
1.05059296e-01
6.67762682e-02
1.15699030e-01
1.86683387e-01
-7.01380745e-02
3.20536010e-02
5.25710508e-02
-2.39722077e-02
-2.74326596e-02
-7.70772025e-02
-8.06181952e-02
2.87308916e-03
7.70366378e-03
4.91328014e-04
7.40686953e-02
-1.75769135e-01
1.88825745e-02
4.72633131e-02
5.53669594e-03
1.87175069e-02
1.04198553e-01
6.91973865e-02
-3.78187150e-02
6.38773441e-02
4.99869846e-02
-1.34657258e-02
9.71029252e-02
-1.90805703e-01
2.31921747e-01
-1.31003186e-01
3.36203165e-02
1.15690157e-01
-2.79542767e-02
1.65687740e-01
-5.72987422e-02
-8.65162462e-02
-1.15342215e-02
-8.94604325e-02
8.57561603e-02
-5.34827970e-02
-2.38850594e-01
1.20417243e-02
6.05759695e-02
-3.93711068e-02
-1.57709164e-03
-5.26091792e-02
-8.02550092e-02
-3.96819375e-02
1.04316929e-03
1.39638660e-02
1.44371986e-01
-3.11832298e-02
-5.80145046e-02
-5.72898015e-02
5.86214364e-02
-4.40000445e-02
6.94659650e-02
1.05579846e-01
-7.38193169e-02
-7.02001974e-02
-3.43875512e-02
1.14771120e-01
-1.21017642e-01
-2.15368450e-01
-2.05700949e-01
-2.20527932e-01
-1.21473586e-02
-1.00234682e-02
-1.47120208e-01
-4.35934141e-02
4.65203524e-02
1.84031483e-02
-6.54126778e-02
-1.54188976e-01
1.58758722e-02
4.51547094e-02
2.96480972e-02
-8.16461742e-02
9.76002291e-02
-3.92182767e-02
3.48244682e-02
8.87404084e-02
-3.91090997e-02
-1.15769058e-01
-7.06969053e-02
-1.03581682e-01
1.07683927e-01
-1.33431047e-01
5.57793267e-02
9.52194706e-02
-1.36398720e-02
-1.10328965e-01
8.21690187e-02
1.46684602e-01
-5.46626151e-02
-5.57715036e-02
1.07138053e-01
-3.09885964e-02
-1.53349871e-02
-4.35691364e-02
7.97203407e-02
1.10998072e-01
-4.25524563e-02
-2.42159888e-02
8.88258070e-02
1.33411571e-01
4.97178920e-02
-3.49304900e-02
4.59018461e-02
-8.25386196e-02
-3.02672689e-03
-1.29357547e-01
-6.74898624e-02
1.44947588e-01
-1.31794035e-01
2.84902956e-02
-1.43851623e-01
-7.97263980e-02
-5.46579808e-03
-6.11218996e-03
-7.30033740e-02
5.65252043e-02
2.05754235e-01
3.07732299e-02
3.36271338e-02
2.85393521e-02
-1.07701197e-02
5.05513176e-02
-6.57956451e-02
4.22702879e-02
-1.17295101e-01
-1.47496730e-01
-9.81670842e-02
3.55941132e-02
4.92184386e-02
-8.76582861e-02
1.72613144e-01
8.58788937e-02
-6.42483030e-03
4.80828211e-02
4.30265889e-02
-5.64934574e-02
1.49429649e-01
5.87379225e-02
6.36589248e-03
-6.33189082e-03
-2.53171921e-02
1.06361210e-01
9.11950171e-02
-1.86756290e-02
5.39615229e-02
-2.48277467e-02
5.33112586e-02
7.15573952e-02
1.09853037e-01
-5.19206226e-02
-2.35400293e-02
-9.34033021e-02
7.95332193e-02
8.74608085e-02
-6.66605383e-02
-5.39343469e-02
-2.06336707e-01
-1.12915538e-01
7.59806708e-02
-6.82067573e-02
9.02380198e-02
3.91764380e-03
6.29764125e-02
3.13831903e-02
1.63164381e-02
-6.89174384e-02
-6.98493421e-02
1.50045812e-01
-9.69253182e-02
-1.11345463e-01
-1.36246696e-01
5.47864698e-02
-5.46335801e-02
-7.04570115e-02
1.38352185e-01
-4.05386686e-02
-4.14259508e-02
-1.55904129e-01
-8.58998764e-03
-2.11590342e-02
-7.36468285e-02
-9.59738158e-03
-1.41160032e-02
8.49566087e-02
7.76467025e-02
-1.57597944e-01
-1.15579233e-01
-1.07956734e-02
-7.12055806e-03
-1.13922641e-01
-2.11375713e-01
2.65732445e-02
-1.58503670e-02
-1.14664078e-01
-2.43306644e-02
-1.38107419e-01
2.59819645e-02
1.01544019e-02
-2.86555812e-02
-1.37583911e-01
1.79830894e-01
-7.07472414e-02
-6.43353956e-03
-7.81533644e-02
9.78119597e-02
-6.32460788e-02
1.42999172e-01
-9.10025388e-02
1.01288937e-01
-3.84554341e-02
5.20471372e-02
-1.32299259e-01
5.51071912e-02
8.09237361e-02
-5.26048876e-02
-1.44246444e-02
-2.37588286e-02
-1.48762763e-02
5.01367189e-02
-5.50936498e-02
4.18969505e-02
-6.81286631e-03
1.03206346e-02
-4.56845053e-02
2.52284780e-02
9.35862511e-02
-3.22325453e-02
-3.36793624e-02
4.35271822e-02
3.52947786e-02
-7.08847046e-02
2.84576416e-02
-1.44655854e-01
-1.30427077e-01
5.76806953e-03
7.98679069e-02
-2.18142811e-02
-6.31636903e-02
-4.08113338e-02
-6.21490441e-02
1.08814957e-02
-7.15723485e-02
-1.36507563e-02
5.78724314e-03
-1.19582720e-01
-2.61840541e-02
8.93979799e-03
7.27994069e-02
-1.07774042e-01
-7.00115860e-02
-9.16478783e-03
-8.02194476e-02
-5.21173365e-02
-3.02817151e-02
-1.61339983e-01
-5.09461276e-02
-1.15739703e-01
-4.65926202e-03
3.66907679e-02
-6.17666245e-02
1.28941745e-01
-1.26702920e-01
1.21683422e-02
-3.62393819e-02
8.99025425e-02
3.91394012e-02
1.36502003e-02
1.12198956e-01
9.28429440e-02
1.75879244e-02
-9.07834396e-02
5.78351691e-02
1.05687454e-01
-8.95004272e-02
1.21600501e-01
1.70083344e-01
-6.54783275e-04
2.14056030e-01
-1.17695920e-01
2.33283043e-02
-3.56003270e-02
1.05066031e-01
2.29263473e-02
3.02993655e-02
9.05112326e-02
6.54039308e-02
-1.27571583e-01
1.14112623e-01
-1.35060132e-01
-2.35960975e-01
-3.49291153e-02
4.66578566e-02
2.04767987e-01
-1.26292512e-01
5.50719677e-03
-5.61585128e-02
2.87450850e-02
1.60248671e-02
5.36598824e-02
-2.55459994e-02
-7.69931376e-02
6.03759512e-02
2.19794914e-01
-1.02516562e-02
6.38907682e-03
1.43250562e-02
-8.34726840e-02
-8.65014493e-02
3.74306440e-02
4.43496481e-02
1.25647873e-01
-1.75153669e-02
-5.43950684e-02
8.86848848e-03
6.69654785e-03
-3.54763009e-02
4.87004779e-02
1.41904265e-01
1.96981300e-02
3.31103712e-01
1.65433571e-01
-2.34352648e-01
8.84309560e-02
1.51917249e-01
9.74278226e-02
1.90219823e-02
-1.97206065e-02
-1.23084284e-01
8.05208310e-02
-8.33546445e-02
-7.48533979e-02
4.00077291e-02
-1.29235610e-02
-4.99713793e-02
8.02833661e-02
6.48885071e-02
-1.61807448e-01
-1.20278494e-02
1.12284888e-02
-8.71728826e-03
1.09470882e-01
-2.28940338e-01
-1.70313306e-02
-1.23597151e-02
3.27349752e-02
1.33056149e-01
6.24571703e-02
-2.06437722e-01
2.78277099e-02
1.62992075e-01
1.25192299e-01
1.10520590e-02
-1.03748314e-01
5.46058714e-02
5.60508147e-02
1.91184543e-02
-2.43794615e-03
1.35444432e-01
-1.42048270e-01
1.21865496e-01
7.02374801e-02
-1.12006478e-02
-1.17470562e-01
1.91818997e-02
1.02976553e-01
-7.97075406e-02
1.02776296e-01
-3.09254210e-02
-8.36828947e-02
7.12273419e-02
-7.70886913e-02
5.42020686e-02
-3.93903740e-02
-1.69155240e-01
-1.28762558e-01
-9.65777114e-02
1.67223230e-01
-5.57646267e-02
1.67101651e-01
7.72385374e-02
-6.98271543e-02
-7.88072944e-02
1.16173513e-01
5.48699610e-02
5.58512472e-02
1.48121770e-02
-1.46175086e-01
-4.83588781e-03
-3.23086716e-02
-2.30957046e-02
2.83459481e-02
6.00844361e-02
5.16601466e-02
-9.43540037e-02
1.98069382e-02
1.34245604e-01
1.19361036e-01
1.89003333e-01
8.09197351e-02
1.11659452e-01
8.19075108e-02
-6.38979906e-03
1.05333395e-01
6.33341074e-02
-1.20196544e-01
7.88043961e-02
9.19115692e-02
-6.14769645e-02
-1.69157282e-01
5.51703945e-02
-1.90229371e-01
1.16331883e-01
-7.32876286e-02
-6.13754950e-02
-1.36784941e-01
1.69502899e-01
4.98993285e-02
9.99475941e-02
-1.70950592e-01
5.24677560e-02
4.36140373e-02
4.01387885e-02
-1.18466709e-02
-3.39795984e-02
-1.98158368e-01
-1.31076440e-01
-1.82362750e-01
-5.98763116e-02
1.95876941e-01
7.48982206e-02
2.03245506e-01
8.46836716e-02
-1.85870659e-02
6.28607422e-02
6.17808215e-02
-1.33472219e-01
4.59274501e-02
1.15735330e-01
1.04021214e-01
1.59876361e-01
2.85903718e-02
-3.12547088e-02
-1.57586828e-01
-5.42825162e-02
-8.69226232e-02
-5.43350074e-03
-1.31495669e-01
4.77341972e-02
-7.87761286e-02
-1.63897634e-01
6.26212507e-02
-7.75875673e-02
-7.46288523e-02
5.65123223e-02
3.47416266e-03
-8.31037089e-02
4.67157699e-02
5.48537970e-02
-7.57159316e-04
-1.12447307e-01
2.08783582e-01
9.31252912e-02
3.23424786e-02
-6.64907619e-02
-9.26745683e-02
-2.31426861e-02
1.95368920e-02
1.66204553e-02
-2.04642005e-02
1.63710803e-01
-2.59430669e-02
-9.68845934e-02
3.30461301e-02
1.24898523e-01
-3.34894136e-02
-5.68899065e-02
-4.09563538e-03
-3.26179899e-02
-1.22542277e-01
-1.04016319e-01
-2.10388210e-02
-4.45500351e-02
1.92159545e-02
2.33044308e-02
5.22084571e-02
2.67457757e-02
-4.41949740e-02
-1.93483736e-02
-8.34560320e-02
7.48658180e-02
8.49813223e-02
-1.24959290e-01
-6.67865127e-02
8.86675715e-02
1.74796134e-01
8.87405425e-02
6.46190196e-02
1.13586485e-01
1.07340157e-01
2.88062263e-02
6.41632825e-02
4.02816758e-02
5.16265966e-02
1.27889380e-01
-7.32707754e-02
9.19860974e-02
1.02950819e-01
-1.05630882e-01
8.64043757e-02
1.51073322e-01
-1.03169605e-01
1.64525196e-01
-1.48913696e-01
-1.87763020e-01
-3.41661572e-02
1.09304175e-01
2.26268284e-02
-1.33961290e-01
6.72443435e-02
-6.75859153e-02
1.32912248e-01
-1.36660889e-01
-1.18749723e-01
-8.14173296e-02
9.43697691e-02
-1.60231933e-01
9.54263806e-02
-6.79901317e-02
-8.06796923e-02
-6.01084568e-02
-1.72898844e-01
-1.28705367e-01
7.38825500e-02
-3.85923199e-02
1.32180020e-01
5.33781685e-02
8.40823427e-02
-4.43966761e-02
1.05479680e-01
-1.13998577e-01
-1.33915603e-01
6.85846061e-02
1.12198479e-01
-1.39577333e-02
1.07554480e-01
2.04588294e-01
-6.56755492e-02
-1.01413682e-01
9.69214886e-02
-1.57540351e-01
-1.60542592e-01
3.65203097e-02
-1.02309607e-01
2.70996839e-02
-1.79409124e-02
-6.23939037e-02
-1.06825441e-01
1.81330964e-02
-9.95463803e-02
1.43566146e-01
-4.47990745e-02
-2.30830964e-02
-1.08067073e-01
1.10136457e-02
-9.07016620e-02
8.41778517e-03
-1.50832742e-01
5.07336482e-02
-6.23217300e-02
8.23096707e-02
1.01181507e-01
-6.88557699e-02
-1.15990423e-01
1.41662946e-02
3.30286175e-02
-3.64738069e-02
1.38480946e-01
1.18951797e-02
4.56389459e-03
-9.77187008e-02
-5.10192886e-02
-5.20709157e-02
1.00366563e-01
9.38108712e-02
1.80435851e-02
7.25480542e-02
-3.26881409e-02
2.23711338e-02
-5.47785722e-02
7.88461864e-02
-4.84098978e-02
3.14817242e-02
7.49980733e-02
-1.22433892e-02
3.92247066e-02
-1.50871217e-01
2.86956062e-03
4.42515388e-02
9.33512896e-02
1.03825018e-01
-6.43670782e-02
2.78544128e-02
9.02931951e-03
9.89222899e-02
6.65108114e-02
-1.04759991e-01
8.53508769e-04
2.56748833e-02
6.93413895e-03
-7.98420459e-02
-7.89227188e-02
1.58164039e-01
1.35929167e-01
-1.48067176e-01
-6.80457950e-02
-1.06275380e-01
-4.78353500e-02
5.38847409e-02
8.99160802e-02
1.46333680e-01
9.63275880e-02
5.80512881e-02
-3.95773798e-02
1.07510045e-01
9.27178934e-02
4.93125850e-03
2.71104146e-02
1.59483999e-01
3.17761488e-02
2.98325215e-02
2.41016620e-03
-4.48346883e-02
4.28661704e-02
-1.76402815e-02
-1.01924591e-01
6.92322552e-02
-1.22491360e-01
-7.56485621e-03
9.54825804e-02
-5.20806052e-02
1.11062974e-01
-1.07162274e-01
1.42296981e-02
-1.06110296e-03
6.87093213e-02
-4.90636425e-03
-8.09242949e-02
-4.43560034e-02
1.18128702e-01
1.86060265e-01
-1.25772595e-01
-1.16909575e-02
-8.19252431e-02
9.36370939e-02
8.85031298e-02
-4.88157757e-02
-4.52666618e-02
-8.05481151e-02
-9.52088833e-02
-1.52409628e-01
-1.20498396e-01
1.01636164e-01
-5.23797385e-02
1.26982983e-02
-4.58804257e-02
-5.71676642e-02
1.09866858e-01
7.23998621e-02
7.78188407e-02
-1.01105914e-01
-5.08127511e-02
1.29385158e-01
-3.09716742e-02
-1.72932014e-01
5.43944426e-02
-8.87395591e-02
8.26831535e-02
4.68784794e-02
-6.90020919e-02
1.62544340e-01
6.41273800e-03
-5.69369905e-02
5.13845263e-03
-1.07420638e-01
5.64404279e-02
1.07759066e-01
1.21144064e-01
-2.36921641e-03
2.98465695e-02
2.44127642e-02
-3.37377228e-02
1.25945166e-01
-9.82267335e-02
-4.05839793e-02
-1.00131966e-01
-6.59417957e-02
1.09045602e-01
1.30768910e-01
1.41489491e-01
7.22947642e-02
4.83158492e-02
1.13160893e-01
8.28033835e-02
-8.71083811e-02
3.67990555e-03
-5.22142090e-02
1.51970461e-01
-7.34190345e-02
-5.29283360e-02
5.85928261e-02
-1.51798561e-01
1.08965568e-01
-2.18177289e-01
1.67880997e-01
2.22388089e-01
4.83867340e-03
1.31189346e-01
-2.29562130e-02
-4.63800244e-02
4.54433858e-02
-1.68921739e-01
-6.29541650e-02
-9.67865363e-02
-8.41795653e-02
8.48158672e-02
8.92897099e-02
-2.33465061e-01
1.97989956e-01
1.31882906e-01
-4.58857864e-02
1.59828037e-01
-7.35220760e-02
1.18699946e-01
8.39501023e-02
5.53070121e-02
6.98531047e-02
-2.24929396e-02
-4.99397367e-02
9.33487117e-02
-1.07670277e-01
-2.42986698e-02
-2.70177107e-02
-1.41863599e-01
6.41492605e-02
5.30245304e-02
-2.87358798e-02
2.14432046e-01
-7.39188641e-02
-1.27773270e-01
1.15872577e-01
-2.24623345e-02
8.88799578e-02
9.02363881e-02
1.75581202e-01
-4.65818681e-03
1.04041211e-01
-5.41573763e-02
-1.03007130e-01
-1.66337620e-02
-1.85574502e-01
9.70115960e-02
3.46145146e-02
1.17606349e-01
1.83250353e-01
-6.90143481e-02
2.14741692e-01
1.28728077e-01
6.89146342e-04
7.56453052e-02
-2.68817078e-02
-4.25660722e-02
9.68524534e-03
3.76910530e-02
1.49715379e-01
1.50432378e-01
-2.20976606e-01
1.08108960e-01
-1.78453118e-01
-7.64277726e-02
1.80701707e-02
-3.26936506e-02
-1.66009553e-02
3.11059807e-03
4.35964689e-02
1.11456022e-01
3.97962630e-02
-2.24220291e-01
-1.19325798e-02
1.04787372e-01
-8.69896114e-02
3.12053934e-02
-5.56803644e-02
-1.56523094e-01
1.93471853e-02
-9.73002538e-02
-5.98572753e-02
-1.01088732e-01
-6.50874749e-02
1.49251848e-01
-2.04387054e-01
7.35887960e-02
9.23946276e-02
-1.06225826e-01
7.63916373e-02
-1.56408042e-01
3.33332010e-02
-8.90693218e-02
1.06070288e-01
-1.21897329e-02
-4.01575938e-02
-1.16969235e-01
1.75220538e-02
1.70407165e-02
-9.53214020e-02
1.32570803e-01
1.01697352e-02
3.74591574e-02
-3.99266183e-02
2.37114727e-02
-3.80715318e-02
-1.69978529e-01
7.88725466e-02
5.70277944e-02
-1.01320483e-01
-5.30640036e-02
-7.47142062e-02
8.76726955e-02
-1.61147520e-01
-1.24597028e-01
-2.03504816e-01
-1.11089043e-01
-1.00179300e-01
8.40523839e-02
-6.63747862e-02
-1.23337664e-01
-2.55984068e-01
-1.55314386e-01
2.01404080e-01
1.21012531e-01
-2.02055573e-01
-1.87996253e-01
5.30664995e-02
-9.09439474e-02
-8.74608010e-02
-1.60923183e-01
7.90329427e-02
-7.29541034e-02
-1.84481040e-01
-7.06350803e-02
-2.83321980e-02
-8.33826289e-02
1.55191664e-02
7.92993978e-02
-8.83929990e-03
-1.10891216e-01
1.40913025e-01
1.00445725e-01
4.73874323e-02
-2.07182541e-02
9.76973549e-02
-1.57796636e-01
1.49231777e-02
-9.80509594e-02
-1.12989601e-02
1.33463711e-01
1.21986695e-01
-7.54396021e-02
-3.98668386e-02
-7.40071088e-02
-9.01975259e-02
7.58361816e-02
9.97687280e-02
-6.24738783e-02
6.97710961e-02
-1.15413144e-01
-1.48626775e-01
1.62274968e-02
1.21433839e-01
3.76066752e-02
2.92930752e-02
4.58712876e-02
-9.98825654e-02
-5.02076074e-02
4.68164161e-02
-1.59218311e-01
-1.32274374e-01
-1.23974271e-01
2.28827372e-02
3.55430543e-02
1.55847043e-01
1.56270206e-01
1.51626337e-02
1.07256427e-01
-5.91160841e-02
-4.98349182e-02
-2.47727007e-01
5.92307560e-02
-3.17099467e-02
1.25313550e-01
-1.82806805e-01
-1.81714997e-01
-1.39189353e-02
1.06147788e-01
-7.24029616e-02
-3.21424194e-02
1.48961470e-01
-3.01511306e-02
5.14380448e-02
1.34216443e-01
1.46281481e-01
-9.77364704e-02
9.93826911e-02
-5.38247004e-02
-2.05556631e-01
-1.01230614e-01
-3.52493487e-02
-7.51973912e-02
-6.67932481e-02
5.21680005e-02
2.82451790e-02
1.02422424e-01
-1.68770179e-01
-4.50921655e-02
-4.01623808e-02
8.40103477e-02
-8.18305910e-02
9.03763101e-02
7.02760369e-02
5.39953671e-02
-1.38613373e-01
-3.91894951e-02
4.21055444e-02
-8.98806974e-02
3.45289744e-02
-1.22381248e-01
-4.69850190e-02
4.46126945e-02
1.14276327e-01
-8.96382034e-02
-9.67402831e-02
-1.18679643e-01
-9.73023400e-02
-1.78236514e-01
7.23002851e-02
8.98581091e-03
-5.75510599e-02
2.60714777e-02
2.36527212e-02
-2.90425066e-02
-4.83244359e-02
-5.17971255e-02
7.98000116e-03
-1.44713029e-01
1.00220125e-02
3.52732069e-03
1.80250034e-02
-1.54787019e-01
5.43443784e-02
3.36736217e-02
1.76946968e-02
-3.61287445e-02
-4.25841436e-02
6.60849437e-02
-7.95477331e-02
-6.00396693e-02
-1.76711336e-01
-6.87744841e-02
2.38171667e-01
4.89916280e-02
-6.07176498e-02
-5.09975627e-02
-3.52458768e-02
1.24637350e-01
3.81913371e-02
1.31410271e-01
1.31205514e-01
4.08835299e-02
-1.44602373e-01
7.43985325e-02
6.07072376e-02
-1.54811263e-01
1.40674293e-01
5.97432256e-02
-5.27562480e-03
-1.67667881e-01
5.59713766e-02
-1.04071684e-01
3.40867192e-02
1.66736990e-02
4.67049479e-02
-5.13924360e-02
1.13127433e-01
-3.69434841e-02
-8.44726712e-02
3.15601639e-02
-6.27749711e-02
1.45515934e-01
-1.57742463e-02
-1.09905764e-01
-1.12856008e-01
-1.25830024e-01
-1.17079057e-01
6.20813742e-02
9.25516039e-02
1.23311162e-01
8.38845372e-02
-8.83466750e-02
1.18608139e-01
-1.10937461e-01
1.14308909e-01
-7.72024170e-02
1.56373471e-01
5.71628846e-03
7.25042596e-02
1.10393830e-01
1.01615995e-01
4.17319238e-02
-1.50148273e-01
-3.74203548e-02
-1.60220981e-01
-1.18442900e-01
-3.47535610e-02
5.77402636e-02
1.20878853e-01
-3.29749100e-02
1.01082079e-01
1.17512740e-01
4.21523750e-02
-6.37494177e-02
-9.81477872e-02
5.01791574e-02
2.25183293e-01
1.47311483e-02
4.72708382e-02
3.46003613e-03
-6.27292022e-02
3.22070830e-02
-4.17260639e-02
-1.29073318e-02
4.82961051e-02
-2.43469961e-02
5.38285472e-04
-2.60091610e-02
-6.31125495e-02
5.38750663e-02
-5.71686216e-03
-9.43442509e-02
1.30360857e-01
-4.14491333e-02
8.89616236e-02
-1.01742158e-02
1.73572257e-01
-1.22784323e-03
-1.39989972e-01
-9.92416665e-02
5.68118356e-02
9.37421918e-02
1.59224913e-01
1.55939599e-02
-9.91583765e-02
2.09758714e-01
-2.35832766e-01
-7.12251337e-03
-1.03282675e-01
-1.81991458e-01
-6.11202195e-02
7.36889094e-02
5.46316095e-02
1.44035503e-01
-1.69491656e-02
1.05509639e-01
4.82497923e-03
-7.37491325e-02
1.69298351e-01
-2.38796957e-02
1.14466257e-01
-3.42340767e-02
7.28020072e-02
1.21881790e-01
-4.89082038e-02
6.46163598e-02
3.74101177e-02
5.81111684e-02
2.49955561e-02
-1.17220301e-02
4.03744839e-02
7.66858831e-02
1.31947979e-01
3.58879156e-02
-8.52838755e-02
8.40849653e-02
1.32459268e-01
-6.37859553e-02
-1.30487978e-01
-1.12003922e-01
2.18097657e-01
2.71007273e-04
9.55101103e-02
8.62157494e-02
2.24710293e-02
7.31825782e-03
9.23174024e-02
-2.16133185e-02
3.53397019e-02
5.21909669e-02
-1.74982429e-01
1.23835117e-01
1.76778421e-01
-1.40941739e-01
6.95776641e-02
-1.12792224e-01
7.97877684e-02
-2.18816265e-01
-1.36876062e-01
-1.13810949e-01
1.98639303e-01
1.12963706e-01
-2.13416982e-02
-7.02958331e-02
-4.07476127e-02
-1.80723250e-01
-7.18858209e-04
7.36756399e-02
2.86925286e-02
4.28538509e-02
6.97486997e-02
-6.42238557e-02
-2.56675273e-01
-1.30724475e-01
1.61965878e-03
-9.07171816e-02
7.80568272e-02
-5.49099557e-02
-8.06602463e-02
1.10388748e-01
9.90502313e-02
-2.32804224e-01
7.60794207e-02
-3.26346569e-02
1.28702801e-02
1.17031589e-01
1.49034053e-01
1.75911915e-02
8.36975127e-02
-1.46993443e-01
-3.76611091e-02
-1.63290966e-02
6.80749640e-02
-1.25305295e-01
-5.13949543e-02
-1.22356704e-02
2.00150788e-01
-8.77548903e-02
-2.45497804e-02
6.03996962e-03
1.39605820e-01
-2.17664652e-02
4.05056402e-03
-9.76270437e-02
1.18791871e-01
-1.05399266e-02
1.06578320e-01
8.58083293e-02
-6.98581785e-02
-5.66803366e-02
1.71977989e-02
-6.26146868e-02
-8.79165232e-02
9.52348486e-02
8.77857730e-02
1.25389621e-01
-4.39936258e-02
1.34149438e-03
7.20595717e-02
7.63721690e-02
3.37949358e-02
6.38399720e-02
-8.62938073e-03
-2.02203710e-02
3.10008023e-02
1.11679472e-01
-3.95882949e-02
1.66246165e-02
1.53761715e-01
8.19719806e-02
1.25786364e-01
5.76005243e-02
-8.92172754e-02
-1.41949162e-01
1.07677981e-01
-6.77668303e-02
-1.36474371e-01
1.27017245e-01
7.20242709e-02
1.18825279e-01
-6.06596060e-02
-1.16907805e-01
-5.16367368e-02
7.77800102e-03
3.39870271e-03
-3.85574438e-02
-1.26642659e-01
-8.01910087e-02
-1.65192902e-01
3.40409689e-02
-1.34124547e-01
-5.01046069e-02
-4.51634289e-04
9.08067748e-02
1.41062617e-01
-1.39629900e-01
-1.18151076e-01
1.23374507e-01
-7.68961608e-02
4.40989807e-02
-3.81906107e-02
5.72382323e-02
-5.31966724e-02
2.73870509e-02
3.47681530e-02
-1.42837605e-02
3.51929367e-02
2.00732704e-02
1.21810555e-01
3.72888111e-02
-6.63089845e-03
-1.22908182e-01
8.98113027e-02
1.66423363e-03
5.35185337e-02
-1.00637853e-01
-2.38638707e-02
-1.39298111e-01
-6.65134043e-02
4.57681678e-02
-1.54851869e-01
-4.18838151e-02
-1.56961977e-01
7.09881037e-02
3.33231464e-02
1.03119552e-01
8.25959817e-02
-1.07115038e-01
-3.19432504e-02
4.83940281e-02
8.73617530e-02
9.07656550e-02
-4.07616757e-02
1.23011172e-01
-3.10274344e-02
-8.66502523e-02
-7.21272305e-02
3.16763832e-03
1.78046227e-02
-7.81192482e-02
1.52264416e-01
1.35881007e-01
1.28883600e-01
7.37184957e-02
2.12257467e-02
7.41609111e-02
1.26593471e-01
6.64213374e-02
3.30929309e-02
-4.27580513e-02
-6.07551821e-02
1.44374995e-02
4.78504859e-02
-1.84125572e-01
-3.21365111e-02
1.48251811e-02
5.07194176e-02
1.76760200e-02
1.56536341e-01
2.69738995e-02
-1.25967339e-01
-4.13725711e-03
2.49438025e-02
-5.14302887e-02
-1.39437512e-01
-1.96512863e-02
-9.57704484e-02
-7.35311508e-02
-2.69690640e-02
-1.34241372e-01
-1.21892750e-01
-1.42062128e-01
1.16560884e-01
8.43559727e-02
5.77041581e-02
-2.60671433e-02
8.91470388e-02
1.75973013e-01
-1.35469556e-01
-7.23773837e-02
3.96783985e-02
-1.03584267e-02
1.29808308e-04
7.70483166e-03
2.92908549e-02
-5.06246425e-02
-1.31339714e-01
1.17182389e-01
-6.72049373e-02
1.04324758e-01
9.52462777e-02
-7.29859248e-02
5.38899228e-02
-3.52269714e-03
-1.52484402e-01
2.66336035e-02
-7.73186386e-02
-1.77281916e-01
-8.79689381e-02
9.06629190e-02
-1.29770786e-01
1.19809890e-02
-5.05776610e-03
-1.05408698e-01
6.20596437e-03
-6.40765727e-02
-1.06255084e-01
-4.00763154e-02
7.42703024e-03
-6.24581687e-02
-9.84209590e-03
-5.54193882e-03
9.52883363e-02
-1.83244124e-01
-9.37914774e-02
-4.66732271e-02
9.14874226e-02
4.43114527e-02
2.83081527e-03
3.53132673e-02
3.40656079e-02
6.11501895e-02
3.79860476e-02
9.35569871e-03
-8.97050798e-02
2.86869202e-02
-2.76592784e-02
9.18101370e-02
-1.21289723e-01
2.51796860e-02
-3.50682586e-02
5.22374175e-02
-1.02196924e-01
7.96648189e-02
-1.30477309e-01
-3.16693038e-02
1.38766039e-02
-1.60925963e-03
-3.52509469e-02
-7.63977468e-02
-8.17442238e-02
-1.15213536e-01
2.72439420e-02
-4.01028618e-02
1.37854353e-01
8.11109319e-03
1.09330416e-01
-1.89516842e-02
7.81872720e-02
2.27174629e-02
3.72393280e-02
1.22737087e-01
-1.01562412e-02
-1.43167302e-01
1.51182473e-01
6.02128543e-02
-6.21961318e-02
-7.91812986e-02
-3.91805880e-02
1.29318997e-01
1.17807779e-02
-1.37274265e-01
1.90484561e-02
-2.20089719e-01
1.67123526e-01
-3.55598070e-02
-1.32892787e-01
-2.58280896e-02
5.13089113e-02
4.22450677e-02
-6.04670346e-02
-5.24184247e-03
-1.07038572e-01
8.08503702e-02
-6.22092374e-03
1.62181258e-01
7.93164149e-02
8.05945247e-02
-1.31613966e-02
6.22526668e-02
-9.24115032e-02
1.22397803e-02
6.08321242e-02
6.84125051e-02
-1.08960360e-01
5.08420505e-02
-8.86838660e-02
2.34410595e-02
-3.61939799e-03
2.39534955e-02
-6.40391186e-02
-1.30376056e-01
-3.52272913e-02
1.23884000e-01
-1.04683600e-01
-4.91368808e-02
-5.87060750e-02
-8.22781622e-02
-5.11766076e-02
5.84533922e-02
2.60862559e-01
-3.82642262e-03
1.56335849e-02
1.80921778e-01
1.41983300e-01
-1.13436813e-02
1.83955222e-01
-5.83402626e-02
1.73379332e-01
3.57284360e-02
-3.45550478e-02
1.22499675e-01
1.86837539e-01
-4.40896265e-02
1.65695995e-02
-1.33592024e-01
1.33467019e-01
2.17189193e-02
-8.89895931e-02
-1.22846201e-01
3.39851901e-02
1.21833958e-01
5.15432879e-02
6.06179982e-02
1.01848811e-01
-1.66391164e-01
-9.39826593e-02
-7.26143867e-02
4.88868393e-02
4.34314124e-02
4.56421524e-02
5.84521852e-02
-1.13061756e-01
-1.55721501e-01
5.54201975e-02
-4.71909605e-02
9.53648016e-02
-2.56316904e-02
7.67593551e-03
1.05354466e-01
-5.36182970e-02
-1.78923383e-01
2.37809140e-02
-5.38189262e-02
7.79419020e-02
1.46671116e-01
-2.56587435e-02
-1.96373407e-02
6.50525689e-02
1.22506432e-01
-3.89362946e-02
3.33726928e-02
-1.43506765e-01
-6.74419329e-02
1.76412567e-01
4.06001881e-02
1.10397652e-01
1.32218972e-01
7.20883952e-03
2.12880298e-02
1.79066211e-01
4.00158241e-02
-8.17109495e-02
3.96371298e-02
1.46738589e-01
1.10222157e-02
9.95658785e-02
1.49334207e-01
6.02895431e-02
1.10138744e-01
1.08729571e-01
9.74055752e-02
1.08051240e-01
-6.38676854e-03
-1.43265083e-01
-6.35849684e-02
-4.08193991e-02
8.94219503e-02
-6.11350581e-04
4.89035621e-02
1.19805522e-01
-1.42628193e-01
-3.86732183e-02
1.03405662e-01
7.56713822e-02
-9.78129334e-04
-5.56594739e-03
2.37328596e-02
-3.94919934e-03
-1.24713637e-01
1.42114580e-01
-2.84269881e-02
3.07815820e-02
4.29891199e-02
3.50775234e-02
-1.42660767e-01
-5.66652529e-02
-1.31896988e-01
-1.63810477e-02
1.23377793e-01
1.77857563e-01
-6.02922253e-02
-4.19793604e-03
-2.79759597e-02
-1.01759797e-02
8.64469483e-02
-1.19496845e-01
-3.20185870e-02
-7.37774447e-02
1.03349581e-01
-9.30219293e-02
8.45000967e-02
-1.11351952e-01
5.68236299e-02
6.63495436e-02
-1.16921298e-01
3.22675332e-04
-1.39522389e-01
7.77965188e-02
9.78154913e-02
1.76690012e-01
4.84052673e-02
-1.08371593e-01
-1.59580320e-01
5.07593229e-02
1.22216269e-01
1.28955856e-01
-1.27859354e-01
-1.78881496e-01
6.02754913e-02
-1.86873600e-03
6.16665930e-02
1.34243026e-01
-7.50467852e-02
-3.00934371e-02
-4.10535522e-02
-1.12112820e-01
4.31045927e-02
4.68833223e-02
-7.45375082e-02
1.04095660e-01
8.45040157e-02
8.76204148e-02
-1.09808214e-01
-1.03513382e-01
-1.24683335e-01
7.37773106e-02
-2.63868142e-02
1.19373433e-01
1.27860814e-01
2.13137791e-02
-1.02464482e-01
-9.23827142e-02
5.02052996e-03
1.58540923e-02
4.15066890e-02
-1.02020569e-01
7.64119923e-02
-1.39452459e-03
2.79784538e-02
-1.35785639e-01
1.25493154e-01
4.53058891e-02
-1.21656217e-01
-7.93083757e-02
4.29770760e-02
-1.11930994e-02
6.12473600e-02
-7.55672231e-02
-1.63858816e-01
-2.09204450e-01
-4.02089208e-02
4.70875017e-02
2.81811524e-02
-5.51295914e-02
4.20449786e-02
-3.39615420e-02
-1.71769381e-01
7.32549727e-02
1.50120050e-01
-7.49629140e-02
-1.95946693e-02
-1.70208126e-01
-7.83414468e-02
-1.61061406e-01
-1.58753335e-01
1.46070644e-01
-1.89954247e-02
-9.36087817e-02
-9.43244472e-02
-1.59509122e-01
5.28280437e-02
-1.54793337e-02
1.91209376e-01
1.19568538e-02
-1.21835873e-01
1.35867029e-01
1.43901497e-01
-1.33276895e-01
1.33606806e-01
-1.39952181e-02
-3.18330452e-02
-4.62585576e-02
2.39454657e-02
-7.27530718e-02
-1.34646401e-01
6.86089247e-02
1.93308983e-02
-5.28501207e-03
-9.54102725e-02
4.09873463e-02
6.00612462e-02
1.08133510e-01
-8.10295530e-03
-1.87471628e-01
6.40974119e-02
-7.96572194e-02
-5.80212707e-03
1.12895712e-01
-9.79617331e-03
9.68636870e-02
2.67033093e-02
-8.80295783e-02
4.45640981e-02
-6.27566725e-02
-1.15386553e-01
1.55030647e-02
-1.63554296e-01
1.25299439e-01
-7.55676031e-02
6.21321835e-02
5.44444099e-02
-4.02312763e-02
3.29848304e-02
-1.95218757e-01
-2.74566170e-02
3.17653641e-02
-5.47185875e-02
1.10227624e-02
1.12206582e-02
2.05804840e-01
-2.63286959e-02
2.71263514e-02
-5.55930249e-02
-1.56046569e-01
8.35616291e-02
8.31584856e-02
-1.60166532e-01
1.81083139e-02
-8.14111754e-02
6.37379736e-02
1.15897199e-02
-4.98487204e-02
1.47709772e-01
1.01944745e-01
1.39613926e-01
9.57911536e-02
-8.28058943e-02
-1.19421175e-02
7.75411772e-03
-1.13915518e-01
-1.48156300e-01
-5.67073822e-02
-2.50013098e-02
-2.58622225e-02
-5.82079813e-02
1.50059897e-03
-1.20981842e-01
-1.04825556e-01
-6.59478828e-03
-1.51336297e-01
-4.91164587e-02
2.42715739e-02
5.28021939e-02
-2.58119423e-02
1.52186051e-01
-1.21105462e-01
1.47598818e-01
2.71466020e-02
8.36598203e-02
2.95331087e-02
1.14500634e-01
-6.14064513e-03
4.79795784e-02
1.33719176e-01
4.52985428e-02
-6.36668354e-02
-1.78401973e-02
6.45641014e-02
4.17895988e-02
8.00807681e-03
1.64108053e-01
-6.81702942e-02
8.98522362e-02
4.02545594e-02
-1.33400679e-01
9.28736180e-02
1.02095924e-01
1.35490403e-01
1.23563558e-01
-1.35704763e-02
7.93053210e-02
-4.33018729e-02
-1.87830433e-01
7.52698407e-02
9.64751914e-02
-7.16089383e-02
-1.16569348e-01
-1.86692961e-02
-2.94424482e-02
1.23996839e-01
-8.06952193e-02
-7.49448091e-02
6.82368353e-02
-6.26227334e-02
1.21117886e-02
1.93093996e-02
-1.29387826e-01
-7.07957298e-02
-1.06323764e-01
5.49434796e-02
-1.80348381e-02
6.94501773e-02
1.96745485e-01
-6.98145628e-02
-4.61527146e-02
1.28119990e-01
5.53478561e-02
2.13580191e-01
-4.84267138e-02
-9.66017917e-02
-7.53039494e-02
-4.04260308e-03
-1.20395444e-01
4.31691762e-03
3.47645357e-02
-1.73243433e-02
5.60264811e-02
-1.07677467e-01
-6.98066652e-02
-1.27598085e-02
2.69716494e-02
1.09412834e-01
-1.25392020e-01
-7.43029863e-02
-1.42729059e-01
-7.95192719e-02
2.45732944e-02
2.35648993e-02
6.15695529e-02
7.54216537e-02
-1.65896535e-01
1.33636847e-01
-1.53429229e-02
1.35678023e-01
-1.66644365e-01
1.15797445e-01
-3.21499514e-03
-2.35998351e-02
2.31392667e-01
-1.04494914e-02
7.43649900e-02
-1.40165240e-02
4.99568246e-02
-8.67765099e-02
2.05328260e-02
-2.31398735e-02
4.66387682e-02
7.33393058e-02
9.06776488e-02
-8.32337886e-03
-1.09305866e-01
7.10367858e-02
-2.31879596e-02
2.09448323e-01
6.48688972e-02
1.26483053e-01
5.28101698e-02
6.28380030e-02
-2.08224282e-01
6.22517988e-02
1.20629415e-01
1.57700464e-01
1.59245923e-01
-1.32679537e-01
-2.91403849e-03
-1.47054493e-01
-2.03348130e-01
1.65384412e-01
-1.19855516e-01
8.76077116e-02
-6.07323237e-02
2.78689172e-02
-2.73507535e-02
-1.81485992e-02
-7.87751749e-02
4.80149388e-02
4.73729596e-02
1.16421662e-01
1.55615717e-01
5.34140430e-02
-7.05051571e-02
-1.02711990e-01
-8.91309455e-02
1.92950413e-01
5.51936291e-02
4.59695049e-02
2.52248277e-03
-1.70911387e-01
-7.07314461e-02
1.58536077e-01
-1.74939185e-01
-7.21752690e-03
-1.36684433e-01
2.25754917e-01
-1.25119790e-01
1.14651658e-02
-1.20928936e-01
-1.87468410e-01
-9.57269743e-02
-6.08052909e-02
-8.80686641e-02
-7.66870528e-02
-5.95510229e-02
8.87947604e-02
1.14886940e-01
-1.18579075e-01
-1.68337107e-01
-5.31040356e-02
-3.75999287e-02
1.06202759e-01
-1.27646506e-01
1.29528359e-01
-3.02517898e-02
-1.83960229e-01
-1.69535249e-01
-1.62663952e-01
-7.19698220e-02
-3.34476680e-01
-5.31757437e-02
-5.33952788e-02
-2.18091115e-01
-1.46378502e-01
-6.00215085e-02
4.53612098e-04
6.31661341e-02
6.21540248e-02
-1.01019293e-01
-5.24002127e-02
3.45738865e-02
-1.71492472e-01
-1.27001777e-01
1.07569948e-01
-3.03472094e-02
4.11693892e-03
-6.23670481e-02
-8.26296061e-02
8.11344683e-02
-8.69028568e-02
-1.11530796e-01
3.48501396e-03
1.13148667e-01
-5.86474203e-02
1.38300687e-01
-6.52662441e-02
1.30227000e-01
-1.21789193e-02
3.43387411e-03
-7.65970126e-02
7.25438967e-02
-9.66136381e-02
1.29086539e-01
-1.52219370e-01
1.69127025e-02
1.34458800e-03
-1.89809501e-02
1.05644114e-01
1.98800731e-02
-5.76901399e-02
1.31311968e-01
6.44954070e-02
1.01812087e-01
-1.08355738e-01
-1.30748197e-01
-6.24081157e-02
2.79433057e-02
1.11916527e-01
-7.15548396e-02
-1.50579408e-01
-1.53805047e-01
1.10747874e-01
5.42470403e-02
-9.21271890e-02
-7.83247873e-02
1.33796364e-01
-1.05177492e-01
-1.50822848e-02
-9.19383913e-02
-6.65177628e-02
-1.06708668e-01
-8.61334614e-03
-3.69723514e-02
-1.01641171e-01
-1.28183544e-01
-1.38014585e-01
6.80764392e-02
-5.43249287e-02
1.49344370e-01
4.05011848e-02
-4.26411815e-02
1.58097133e-01
2.52012853e-02
-3.96991931e-02
-6.82490319e-02
-1.14314593e-01
-1.42735898e-01
-3.79030989e-03
5.01401238e-02
-1.50746539e-01
-2.51026116e-02
-8.42026174e-02
-7.84867909e-03
-2.89355405e-02
5.53368367e-02
-5.04973456e-02
-5.63483499e-02
1.82749063e-01
-5.05526364e-02
-1.56113550e-01
9.55591500e-02
2.00492129e-01
8.29888061e-02
-1.04267865e-01
1.47075055e-03
3.52013893e-02
-9.93361771e-02
-1.75869837e-01
8.11497718e-02
-2.01285761e-02
-7.76241999e-03
-1.00629374e-01
3.66918072e-02
-1.09213851e-01
1.62087306e-01
1.73809156e-02
4.15691622e-02
3.34413610e-02
1.28780827e-01
3.19810510e-02
-3.81573997e-02
9.62234065e-02
-6.90503567e-02
-6.58222735e-02
3.08499858e-02
9.91031528e-03
-7.74021521e-02
-9.70197320e-02
3.32550928e-02
1.41941562e-01
1.15436815e-01
-9.52704251e-02
-3.22733782e-02
-2.08275691e-02
1.77153230e-01
-9.84800532e-02
5.46389110e-02
5.57086356e-02
-9.15704295e-04
6.14475533e-02
8.03708211e-02
-1.14496220e-02
8.26660916e-02
-9.49187204e-02
-7.52510503e-02
-4.96664690e-03
-1.44909257e-02
1.77649528e-01
-5.99811450e-02
8.95875767e-02
2.09751036e-02
-3.33857760e-02
1.56824544e-01
1.22166812e-01
7.76968822e-02
6.16643652e-02
-9.48075578e-02
6.97271451e-02
-4.07106020e-02
-1.50352210e-01
1.06994621e-01
-1.00798890e-01
-1.89741864e-03
1.02164879e-01
1.44548014e-01
-1.09934911e-01
-4.81192134e-02
1.00354299e-01
6.30856538e-03
1.26286894e-01
-9.73724201e-02
-6.26691580e-02
-3.53871621e-02
9.54762399e-02
-8.96670818e-02
-1.07572682e-01
-8.48132744e-02
1.28621599e-02
3.67014222e-02
6.74367398e-02
1.44886803e-02
2.05413774e-02
-5.07647544e-02
-1.53350815e-01
-1.28588649e-02
1.24042824e-01
1.59585342e-01
3.47838202e-03
-9.63716432e-02
1.32493600e-01
-1.38437882e-01
1.05885834e-01
-1.59964651e-01
-8.03388655e-02
-5.98818548e-02
-1.09320126e-01
-2.31695957e-02
-5.42738650e-04
8.16104282e-03
-1.63698331e-01
1.77842632e-01
9.78813693e-02
1.11307904e-01
7.51196872e-03
5.76684624e-02
-9.45811719e-02
-1.05708420e-01
-1.48408905e-01
-7.24837482e-02
2.29308307e-01
-9.68833491e-02
-3.35742235e-02
-2.16346294e-01
1.05900899e-01
-9.40822959e-02
-4.03311513e-02
2.61318069e-02
1.27837181e-01
-2.88933492e-03
-5.29763810e-02
1.01878598e-01
-8.06559809e-03
1.22463651e-01
2.37233285e-02
2.48740744e-02
-3.70140150e-02
-6.45630360e-02
3.46816927e-02
-7.98616111e-02
-1.98675841e-01
1.27087414e-01
6.68698084e-03
1.76875349e-02
-2.81882510e-02
1.42108351e-01
1.27633244e-01
-6.42279461e-02
-1.33105248e-01
-5.37040830e-03
-1.39126390e-01
9.16265026e-02
9.23189148e-02
-1.89007516e-03
-4.80434671e-02
8.92078727e-02
5.47840027e-03
5.79949319e-02
3.53938676e-02
6.77670389e-02
-4.80022356e-02
-1.64253533e-01
-3.84677364e-03
-1.31209791e-01
1.27197549e-01
-1.66789308e-01
-8.75265524e-02
1.27531767e-01
-3.56913079e-03
-3.93443257e-02
-2.10416503e-03
1.74331263e-01
2.05947071e-01
-5.24472585e-03
1.44941022e-03
-1.01553291e-01
-3.06571741e-02
2.07104869e-02
-1.99167226e-02
2.17404924e-02
-6.09126240e-02
3.87546942e-02
7.32231839e-03
1.83239039e-02
1.57380715e-01
1.69940114e-01
1.11712433e-01
6.80413544e-02
-1.47330046e-01
-1.06687294e-02
-3.21061313e-02
-2.07291171e-01
-6.16414621e-02
1.82030380e-01
9.46502537e-02
5.36125228e-02
7.76808262e-02
-5.09881489e-02
9.90771595e-03
-6.22403771e-02
1.68781281e-02
1.88553464e-02
2.61716675e-02
1.96245145e-02
4.95222919e-02
3.23286019e-02
-8.11091438e-02
9.92794186e-02
5.27189020e-03
1.14357332e-02
-3.31699476e-02
-2.00759899e-02
-3.15133333e-02
-1.78324610e-01
4.99432459e-02
-7.70221837e-03
-8.59421957e-03
-1.65499255e-01
1.31079983e-02
8.10057390e-03
1.34115905e-01
-1.53752819e-01
-7.38289431e-02
-2.47465353e-02
5.54484921e-03
1.21628176e-02
-4.41335654e-03
2.36984063e-02
8.47995654e-02
-2.40398377e-01
1.37963649e-02
-4.04285416e-02
-5.08807749e-02
-8.41906965e-02
-1.21227399e-01
-1.16083858e-04
1.74869373e-02
1.24930255e-01
6.13567978e-02
-8.13311487e-02
-2.14980423e-01
5.02533093e-02
-4.59373323e-03
1.45883188e-02
-1.75496101e-01
-8.65735710e-02
-6.97843358e-02
-1.18155748e-01
1.52526386e-02
1.23416856e-01
7.48926541e-03
-8.61027837e-02
-7.12494478e-02
7.73230791e-02
7.18270764e-02
-6.54659346e-02
1.71368986e-01
1.94257334e-01
1.30324453e-01
-1.51922449e-01
-1.41714066e-01
-7.19972923e-02
6.85035884e-02
6.10787980e-02
-8.22194815e-02
4.47857529e-02
1.10173449e-01
-8.76785293e-02
-7.13395625e-02
-1.68409243e-01
2.18228281e-01
-1.30523369e-02
1.38332471e-01
3.54862958e-02
-7.35609680e-02
5.33144213e-02
-4.49077925e-03
5.98896705e-02
-9.56317112e-02
5.58027253e-02
7.61463121e-02
-1.53729334e-01
-2.85800919e-02
-3.84782106e-02
1.44831762e-01
-1.07414074e-01
7.46323690e-02
-3.59020829e-02
5.01943380e-02
1.44860238e-01
-1.88525971e-02
-4.67336588e-02
-6.41576350e-02
-7.54190013e-02
1.16459079e-01
-2.04874471e-01
-8.53750706e-02
4.09352593e-02
5.37290834e-02
9.22552310e-03
7.26771727e-02
3.91912907e-02
1.77007355e-02
3.53080109e-02
1.46244198e-01
1.09710403e-01
-1.71320140e-02
3.53034809e-02
2.98082661e-02
-1.77201420e-01
-1.91018775e-01
-2.16458738e-02
2.67170873e-02
-1.11543514e-01
7.41452500e-02
-8.38712081e-02
1.67948343e-02
1.73529014e-01
-1.39852330e-01
-5.45331016e-02
1.42515361e-01
-2.24823430e-02
1.95558066e-03
-1.88638285e-01
9.28356722e-02
2.56043263e-02
-1.00524440e-01
8.96954015e-02
-5.07583208e-02
-1.44576371e-01
1.49838462e-01
-4.91293110e-02
-1.68136396e-02
3.06460988e-02
-1.21951051e-01
4.53517474e-02
1.73882842e-01
7.93488994e-02
8.06850046e-02
7.52404481e-02
1.93259865e-02
-6.10911436e-02
-1.84151679e-01
6.83750063e-02
-1.02169774e-01
1.09104134e-01
-4.20884974e-02
-7.10280314e-02
1.01730376e-01
1.08196855e-01
-1.45827472e-01
-1.80679895e-02
1.64722711e-01
1.60219386e-01
-1.12289399e-01
-7.34876022e-02
1.68502718e-01
-1.14587791e-01
-1.38225183e-02
7.81553611e-02
-1.18077770e-01
4.30859700e-02
-1.63824141e-01
2.03560844e-01
5.31614497e-02
1.25216439e-01
-3.90331671e-02
9.30716246e-02
8.54972228e-02
1.51743099e-01
4.44486402e-02
1.27494052e-01
-8.80009457e-02
2.00936664e-02
4.74564917e-02
-1.73876315e-01
-2.57213358e-02
2.10006982e-01
-3.49232048e-01
2.53892737e-03
-2.32711911e-01
-1.76492840e-01
-3.88476439e-02
-8.99240300e-02
-2.84439534e-01
-1.10561699e-01
-2.37556577e-01
-3.77070569e-02
1.66752711e-01
-2.26487562e-01
-6.83874488e-02
3.11958604e-02
-2.41109654e-01
1.98098972e-01
1.03794515e-01
-5.67710437e-02
1.70123175e-01
-1.10493883e-01
-1.40530944e-01
-1.04464747e-01
-2.86883339e-02
-6.37916103e-02
-2.90705025e-01
1.25307217e-01
1.58097669e-01
-1.60684809e-01
2.26789378e-02
-1.08494028e-01
9.74394381e-02
1.31770805e-01
2.50650257e-01
3.25206813e-04
2.65159886e-02
4.34123576e-02
-1.02188975e-01
-7.34508038e-02
-5.46025224e-02
4.81867641e-02
5.74244885e-03
1.59115776e-01
-6.03046864e-02
2.05527991e-03
4.68481332e-02
6.18041540e-03
-8.85185376e-02
3.66971977e-02
-5.55207133e-02
-2.44994238e-02
-5.33248447e-02
2.08945870e-02
1.34287793e-02
1.72184333e-01
-1.17405251e-01
4.89957184e-02
-2.72099495e-01
4.81114117e-03
-2.49116682e-02
5.79714626e-02
-9.10538062e-02
-6.40364364e-03
-3.25718671e-02
1.71715878e-02
-2.55273908e-01
2.15928093e-01
-9.69249010e-02
5.29727712e-02
1.71219572e-01
-6.69055656e-02
-6.19051456e-02
-8.16498697e-02
-6.38509495e-03
1.05317086e-01
9.76549610e-02
-1.26705423e-01
-1.75108213e-03
4.61683050e-02
-5.97279239e-03
1.81728423e-01
-1.64716691e-01
-5.52249588e-02
1.62043452e-01
6.47894666e-02
-1.33492976e-01
-1.58510461e-01
3.44734825e-02
-8.27066153e-02
-1.60499856e-01
-1.04055153e-02
4.48798388e-02
-8.04324672e-02
1.31480128e-01
-1.31045384e-02
-2.01500226e-02
-7.82972276e-02
-7.17972070e-02
-6.45727944e-03
-1.99892148e-01
-1.41319484e-01
-4.50016893e-02
1.66310500e-02
1.42786177e-02
6.03662580e-02
-4.80818041e-02
-5.77898733e-02
-1.11301869e-01
1.19607402e-02
-2.94658784e-02
-1.06222868e-01
2.73100913e-01
3.84786837e-02
-1.81263518e-02
-1.39260128e-01
-1.50442615e-01
-5.35664894e-02
4.64392826e-02
-1.13482185e-01
-9.91510451e-02
-2.89661437e-01
-1.60461307e-01
-8.66696164e-02
4.25298512e-02
4.83899973e-02
-7.59074464e-02
-7.61934072e-02
1.73029467e-01
-3.98821831e-02
2.16180012e-02
-6.27425462e-02
-7.76516274e-02
5.46263233e-02
1.16153955e-01
8.74014571e-02
1.35262311e-01
3.74268405e-02
8.74492005e-02
-4.49104905e-02
6.30115569e-02
1.36067510e-01
-1.01108640e-01
-4.98704538e-02
7.27229938e-02
3.64335105e-02
-8.83325189e-02
-1.20290160e-01
-3.09296604e-02
-6.79951254e-03
-4.68528410e-03
2.92525720e-02
2.24111900e-02
4.02744934e-02
1.96335707e-02
1.28052067e-02
-1.51905090e-01
4.70421724e-02
1.02302149e-01
7.36454055e-02
-2.07247995e-02
6.75547076e-03
-6.30418723e-03
3.55815031e-02
6.22662902e-02
-1.59539327e-01
-3.21421511e-02
3.33115384e-02
-1.23932168e-01
2.02409253e-01
5.94665781e-02
-8.59712511e-02
-9.05969515e-02
5.90383746e-02
-1.08096302e-01
-8.11038166e-02
3.63505818e-02
1.40914693e-01
1.02494676e-02
-1.57314613e-02
-6.22338848e-03
1.09068215e-01
7.75248781e-02
-1.01990417e-01
-2.92658210e-02
-5.38164899e-02
8.56567994e-02
6.75004870e-02
-6.04737215e-02
-2.79102307e-02
-9.47293937e-02
1.83454677e-02
-3.10197398e-02
-2.59475429e-02
9.05423015e-02
8.66913348e-02
-1.74287483e-01
-1.76338151e-01
-2.76089786e-03
6.10734075e-02
1.25718251e-01
2.23121569e-02
-5.99432811e-02
5.80215827e-02
-7.29133040e-02
-1.04884222e-01
-8.91857781e-03
5.04318960e-02
-1.33164957e-01
-4.42416221e-03
-3.66221108e-02
8.84229012e-05
-9.96470004e-02
2.13614851e-03
-6.68189228e-02
4.01531719e-02
-5.36353551e-02
2.84437463e-02
7.47585297e-02
8.53644609e-02
2.51116361e-02
-3.89209241e-02
2.83861812e-02
2.55427565e-02
6.62745759e-02
7.54847005e-02
-1.06367953e-01
-4.23278064e-02
2.57828292e-02
7.75905177e-02
-8.98070559e-02
6.85081333e-02
5.19437790e-02
-5.78772910e-02
4.67236377e-02
1.64918020e-01
-1.28585950e-01
9.53594595e-02
-1.24802090e-01
-7.71416724e-02
-1.65588502e-02
1.01846820e-02
8.40272605e-02
-1.56442598e-02
-1.51544943e-01
3.55644971e-02
6.13516606e-02
-9.44514349e-02
2.64919735e-02
-1.18363015e-01
-6.35751784e-02
-1.20107174e-01
-6.86645731e-02
5.51995933e-02
-3.46777216e-02
-7.97484070e-02
1.05565600e-01
-3.18016857e-02
-1.11488707e-01
7.78991207e-02
1.54969627e-02
-4.76394147e-02
1.18428923e-01
-3.28456834e-02
3.95047180e-02
4.82542813e-03
-1.74171571e-02
4.08530608e-02
1.06285669e-01
-4.82331179e-02
-5.24411052e-02
-1.31106690e-01
-3.90863754e-02
-1.10271804e-01
-1.83589850e-02
-3.96470353e-02
-6.75294325e-02
-6.99312314e-02
1.09216355e-01
-9.83624905e-02
-6.70949444e-02
8.38629827e-02
-7.29579479e-02
6.30420148e-02
-4.58039381e-02
-4.78167422e-02
1.24633357e-01
7.55375028e-02
1.25876352e-01
1.45948499e-01
1.07063420e-01
1.34259313e-02
6.62743151e-02
-6.58576488e-02
-8.55479538e-02
1.35833532e-01
6.75127581e-02
4.38036807e-02
5.45932315e-02
-4.50090617e-02
-1.18438728e-01
5.51400967e-02
-1.34770915e-01
7.59043843e-02
-8.21848065e-02
7.54368603e-02
-7.78577626e-02
4.91886437e-02
1.59913898e-01
-3.14596333e-02
4.55375798e-02
-4.62827682e-02
-7.12521747e-02
3.94552872e-02
1.67541116e-01
8.58874340e-03
-1.20035917e-01
1.59915332e-02
6.48473203e-02
6.30493611e-02
-5.84675185e-02
-1.26354083e-01
1.91957384e-01
8.47439840e-03
-2.74983160e-02
-1.23614250e-02
6.41315337e-03
-3.36032175e-02
1.55815318e-01
4.53002937e-02
4.05377336e-02
-3.32814455e-02
-6.58094808e-02
2.06279419e-02
-8.17955434e-02
-1.36594862e-01
-1.60003267e-02
1.61937341e-01
-9.17761251e-02
-8.61038566e-02
6.71266839e-02
-7.00555518e-02
1.81411251e-01
-1.00588344e-01
-9.86140296e-02
-1.47162288e-01
-4.89832051e-02
-1.46414265e-01
1.24094255e-01
9.58172232e-02
-8.14109370e-02
1.51919767e-01
5.45564517e-02
7.65764713e-03
4.23105806e-02
-3.06271277e-02
-8.25240985e-02
2.45004485e-04
7.76928589e-02
1.57411218e-01
1.14009060e-01
-9.49361455e-03
1.46740720e-01
1.71472020e-02
1.77329004e-01
-4.07613255e-02
3.21119800e-02
-9.26472023e-02
-7.72600099e-02
1.07180633e-01
-1.40738741e-01
1.05756901e-01
-1.18469462e-01
-8.98758471e-02
1.47333592e-02
4.29218262e-02
-6.83038756e-02
-7.51829296e-02
1.10351935e-01
-1.03508569e-01
1.64980460e-02
7.58338487e-03
-1.26556875e-02
1.60351098e-01
1.80817306e-01
1.57814976e-02
-8.32219124e-02
8.69292691e-02
-5.76847866e-02
-4.78801131e-02
9.31843594e-02
-3.17757368e-01
-9.81597155e-02
6.76164553e-02
5.02960235e-02
1.24658793e-01
4.30531800e-02
6.05400354e-02
7.87125900e-02
-7.18377605e-02
1.97871868e-03
-1.18133081e-02
-1.95282977e-02
3.92048098e-02
-3.97608802e-03
4.43221889e-02
-2.73974380e-03
-9.13252532e-02
-4.56848405e-02
1.27955049e-01
-1.24984346e-01
6.94556385e-02
1.20966531e-01
-1.06514901e-01
1.02706775e-01
-1.01111211e-01
-6.72047883e-02
2.08697729e-02
-7.72711486e-02
-1.11556247e-01
5.02494946e-02
-6.43110722e-02
7.09189335e-03
1.18826345e-01
-9.52201858e-02
-1.04216591e-01
-1.28916502e-01
-1.94712393e-02
1.21016428e-01
-3.57557498e-02
-1.69120222e-01
-1.35562092e-01
-9.77135375e-02
1.77230057e-03
3.90838739e-03
-8.42556059e-02
-1.79953035e-02
-3.18065733e-02
-9.48022306e-02
-9.32363421e-02
-2.02441558e-01
-2.06268039e-02
-9.14540514e-02
-7.73765743e-02
-1.33745328e-01
-8.45208243e-02
-4.37899195e-02
1.16870299e-01
-1.89751592e-02
-1.14369601e-01
7.05496222e-02
-4.75441851e-02
2.89268587e-02
1.68272272e-01
-3.96152250e-02
1.50829390e-01
-7.01259449e-02
4.93540429e-02
-7.85769075e-02
4.68753465e-02
-1.05785497e-01
2.40157638e-02
-1.34114668e-01
-2.34012976e-02
-1.23496689e-01
-1.15412220e-01
-7.86881428e-03
4.48356681e-02
-5.03895879e-02
2.77213641e-02
-1.80411078e-02
9.80683491e-02
-1.12696830e-02
-1.20017909e-01
-6.10016510e-02
-1.48362353e-01
-1.17645822e-01
5.39752506e-02
-2.24066094e-01
-6.67358981e-04
8.20094794e-02
4.34503295e-02
-5.74500337e-02
-3.72319557e-02
1.02919405e-02
3.13623846e-02
3.53251630e-03
-1.34810254e-01
-7.64162140e-03
-2.17791319e-01
-7.75792152e-02
1.93552654e-02
-1.08938344e-01
2.48798132e-02
5.27516648e-04
5.94048537e-02
-1.19971499e-01
6.87550083e-02
-3.80236655e-02
4.05945890e-02
9.95897278e-02
1.35071918e-01
1.37643427e-01
-5.40648401e-02
1.12009875e-01
1.00361809e-01
1.56151995e-01
-4.77079004e-02
9.73230153e-02
-7.91240036e-02
-5.09679951e-02
8.51443857e-02
5.29850200e-02
5.15585504e-02
-5.84028773e-02
3.90405320e-02
-4.19231355e-02
6.36031479e-02
7.41306832e-03
-1.56467203e-02
1.50275826e-01
-6.10668734e-02
1.61568061e-01
-1.15534730e-01
-6.92420602e-02
-9.01944339e-02
2.57112160e-02
-1.62956938e-02
8.36648941e-02
-4.85193580e-02
-1.12783223e-01
8.63617510e-02
-1.75925938e-03
3.21508646e-02
7.78611451e-02
1.22737493e-02
-1.68314613e-02
2.91242003e-02
-1.53885826e-01
1.72466342e-03
7.41345622e-03
-4.45745140e-02
-9.87957418e-02
3.69020030e-02
6.33710027e-02
-5.71163222e-02
1.31468073e-01
1.05637517e-02
-6.89235777e-02
-9.51166376e-02
3.62539440e-02
9.39338207e-02
-6.30495027e-02
8.68991837e-02
-6.13889359e-02
-1.81171615e-02
-3.64633277e-02
-3.52572440e-03
-6.92665428e-02
3.69637646e-02
-5.33278547e-02
-8.30404274e-03
-1.18169084e-01
-1.60267979e-01
-1.18465990e-01
-7.61735663e-02
-1.11249901e-01
6.16874397e-02
-1.59206957e-01
-5.78200538e-03
-4.98601720e-02
-1.14715129e-01
6.57161623e-02
-5.72575033e-02
3.58352661e-02
-1.31503269e-01
1.14466339e-01
-4.15736176e-02
4.82119508e-02
-2.59080455e-02
-7.25442320e-02
-1.20257571e-01
-7.31361285e-02
-1.66634440e-01
2.71370783e-02
1.09316520e-01
-8.63120779e-02
1.39911264e-01
4.89298888e-02
-7.52093717e-02
-2.66677588e-02
1.08480200e-01
3.85304205e-02
-5.11081703e-02
-1.18027605e-01
-7.50870481e-02
-1.21681787e-01
1.76066477e-02
8.10149163e-02
-9.74587128e-02
-2.96736974e-02
5.54405004e-02
-1.24260962e-01
1.04823396e-01
-9.51716900e-02
-1.01204544e-01
1.04295120e-01
-1.85349256e-01
1.39720887e-01
-9.97580215e-02
-4.36856300e-02
7.12704137e-02
-1.03252262e-01
4.65349220e-02
-3.10036936e-03
-2.86799539e-02
5.20712286e-02
6.25505745e-02
-7.57737607e-02
9.67120975e-02
-9.07047838e-02
1.24537162e-02
-1.25746816e-01
-5.51409498e-02
3.53626832e-02
-3.15366574e-02
7.69566596e-02
7.19957473e-03
4.20515314e-02
8.77034198e-03
-1.66976482e-01
-6.05730563e-02
-2.90254414e-01
-2.79866848e-02
-2.06145182e-01
-6.42113537e-02
1.14480130e-01
1.38041660e-01
2.88419239e-02
-1.35657087e-01
1.33220017e-01
-1.18046075e-01
-1.32485285e-01
9.31608081e-02
3.36169824e-02
-1.56226084e-01
3.61803882e-02
-1.84718430e-01
8.29551592e-02
1.20711945e-01
-4.14454006e-03
4.03670706e-02
-1.67085022e-01
-1.75156131e-01
-9.12834704e-03
-6.50762692e-02
4.95862998e-02
-1.18126133e-02
8.48205909e-02
7.98252374e-02
-5.90274902e-03
-2.73774448e-03
8.24113637e-02
1.16480649e-01
-5.59312440e-02
7.87993893e-03
-6.07309416e-02
4.05794233e-02
-6.61180839e-02
2.47664023e-02
-1.95974499e-01
7.04558268e-02
-4.05318923e-02
3.42535153e-02
-3.65583971e-02
1.19086266e-01
2.65781134e-02
2.44186055e-02
7.03278333e-02
2.68531963e-02
-8.09519645e-03
-5.65278158e-02
-2.37076404e-03
-1.32345945e-01
9.95881632e-02
-1.16972163e-01
-3.30554321e-02
7.19017163e-02
-1.34575203e-01
-5.35811298e-02
5.84348328e-02
3.39920409e-02
8.16852599e-02
1.36883840e-01
-1.59139968e-02
3.97898629e-02
-2.23929733e-01
-9.01565254e-02
-9.92873833e-02
-7.63192475e-02
1.05811693e-01
7.05533624e-02
-1.30975813e-01
-1.60782561e-01
8.89179856e-02
2.07622722e-02
-1.86939329e-01
6.76706657e-02
-1.38034105e-01
2.69356743e-02
5.54076694e-02
-9.82785895e-02
-6.94487393e-02
-1.74755394e-01
-4.39216048e-02
3.46478745e-02
1.36488080e-02
8.65761787e-02
-1.92819666e-02
5.29819578e-02
-7.43770301e-02
-1.97104774e-02
2.55571790e-02
5.71532622e-02
-6.84338575e-03
-8.57652947e-02
1.26751289e-01
-4.23804484e-02
-7.00202677e-03
1.16193689e-01
-2.85903271e-02
9.95116979e-02
-8.56052116e-02
-9.63012874e-03
-7.35834911e-02
-7.58276060e-02
4.83849011e-02
1.12012744e-01
-6.99566081e-02
-3.90299335e-02
4.66756970e-02
-1.21369079e-01
3.13126966e-02
-1.43815175e-01
-1.09536380e-01
-1.43514782e-01
-5.07524684e-02
6.78572580e-02
-1.28704011e-01
1.59453019e-01
-1.84267044e-01
1.38327137e-01
7.87156671e-02
1.01291642e-01
6.70545250e-02
-1.57174632e-01
-1.35214299e-01
-1.92699939e-01
9.75784585e-02
-1.29182503e-01
1.58250481e-02
1.04661891e-02
-9.14297998e-02
-6.66680783e-02
-5.14942035e-02
2.44402746e-03
1.07733808e-01
-2.98399497e-02
-3.03506590e-02
1.55962557e-01
-2.79017445e-02
1.29045084e-01
-1.76784441e-01
9.45268478e-03
-6.82165399e-02
-2.42692366e-01
-5.93336225e-02
1.11548476e-01
3.76885827e-03
-1.40078906e-02
1.33174583e-01
-1.05889432e-01
1.29728287e-01
7.55846798e-02
8.35967623e-03
-6.75636753e-02
-7.26915672e-02
-1.40931413e-01
-6.94072992e-02
-3.05757225e-02
-1.99049756e-01
4.08375636e-02
2.96649901e-04
1.65301636e-01
-1.52910382e-01
9.26988423e-02
1.01238765e-01
-1.41126692e-01
1.73251614e-01
-4.52606529e-02
7.01801255e-02
-4.98633608e-02
1.66898862e-01
5.59100956e-02
-5.58621474e-02
-9.38914791e-02
1.23554476e-01
-1.21365763e-01
5.53361401e-02
9.82072800e-02
4.10860181e-02
1.22171059e-01
-1.33466590e-02
-8.15701783e-02
-1.07269570e-01
1.09238267e-01
3.71001810e-02
-7.63463005e-02
8.98979530e-02
-1.13076761e-01
2.83492524e-02
-5.96425533e-02
-1.31679907e-01
-7.60316104e-02
-2.23782986e-01
-1.17770620e-01
-1.45686537e-01
-9.52244457e-03
-6.94132373e-02
-1.01596341e-01
-1.19537093e-01
7.49032125e-02
2.82949377e-02
-9.45297405e-02
1.02665886e-01
1.90403182e-02
2.25083217e-01
1.81962803e-01
7.88374767e-02
5.08366674e-02
1.87223256e-01
3.45844068e-02
2.12241132e-02
-1.63335800e-01
-5.06386273e-02
2.13825703e-02
-9.53521058e-02
-4.89764921e-02
-6.76516816e-02
-1.30927756e-01
1.89831313e-02
1.55294374e-01
4.99862013e-03
7.84488022e-02
4.22473513e-02
-2.49854010e-02
1.41344205e-01
6.52467981e-02
4.61652763e-02
1.48032188e-01
-1.43131837e-01
1.55518577e-01
-1.48780257e-01
-1.01038888e-02
-6.80041239e-02
1.04794815e-01
1.33265793e-01
-7.22764730e-02
4.91190627e-02
1.27501294e-01
7.27912486e-02
6.60516620e-02
-6.17404766e-02
2.06065744e-01
-1.70544550e-01
-5.29077165e-02
3.46354879e-02
1.31974984e-02
-6.63457811e-02
-1.85193822e-01
-9.36834067e-02
4.40829284e-02
-1.30209416e-01
-7.79420361e-02
7.48166442e-02
1.17089145e-01
6.78451955e-02
1.93135500e-01
1.87862024e-01
1.10276066e-01
9.72336903e-03
-4.69219238e-02
1.48632266e-02
6.88887807e-03
-8.70463476e-02
-7.47336522e-02
6.52697608e-02
-8.84339362e-02
-5.17843254e-02
1.29110590e-01
-5.96732497e-02
-9.71544087e-02
1.14621900e-01
1.01706035e-01
4.27030064e-02
-3.87066528e-02
-1.00727916e-01
5.27495593e-02
1.52413011e-01
2.37833932e-02
-1.39526382e-01
1.32523896e-02
-5.56598641e-02
1.32507190e-01
-1.05565168e-01
7.49245882e-02
-3.60602178e-02
4.43071090e-02
6.12185970e-02
-1.30495459e-01
3.33785079e-02
1.21900573e-01
-9.44234952e-02
-3.18918377e-02
7.65327588e-02
2.14171708e-02
-1.38687342e-01
-4.72440124e-02
7.39822164e-02
2.60734614e-02
6.30032346e-02
6.64328560e-02
8.76172036e-02
7.99348578e-02
6.31255805e-02
5.57166934e-02
1.93024371e-02
1.26804888e-01
-1.62434086e-01
1.05360113e-01
-1.14206180e-01
-1.52349889e-01
-1.60847813e-01
-1.96407467e-01
6.23052754e-02
-3.46648949e-03
-6.81096548e-03
1.17260896e-01
4.85663079e-02
1.20408498e-01
-8.09298828e-02
4.95661460e-02
3.64920236e-02
-1.34931579e-01
-1.68278560e-01
-3.84675972e-02
-6.20830096e-02
4.43979390e-02
-1.21670716e-01
-9.41784494e-03
1.40117168e-01
4.72485721e-02
8.45210701e-02
-9.67722666e-03
8.35078806e-02
1.06730923e-01
-2.44803652e-02
5.93615063e-02
3.04112062e-02
-8.14809725e-02
9.12487805e-02
-1.42647803e-01
-6.63440675e-02
-1.38956178e-02
-1.09806415e-02
1.33880630e-01
-9.90499333e-02
-8.89165625e-02
9.89775285e-02
5.90755194e-02
-4.86030541e-02
-1.02464646e-01
-7.54070953e-02
-5.04702032e-02
7.63144568e-02
5.41246571e-02
-3.94012406e-02
-5.68469912e-02
-6.00505471e-02
-3.78369167e-02
5.46702892e-02
8.88195038e-02
1.33160472e-01
-1.30574359e-03
-5.40565550e-02
-7.16256276e-02
1.54438555e-01
5.79509847e-02
-7.75501654e-02
-7.11642578e-02
7.45123578e-03
3.68394852e-02
-1.26810193e-01
3.50151360e-02
1.24658115e-01
-8.32039639e-02
3.98871563e-02
2.15098951e-02
-1.59512267e-01
-1.03987493e-01
2.55093034e-02
8.50444585e-02
-8.19058120e-02
4.63844351e-02
7.31941015e-02
1.29349425e-01
8.30353722e-02
2.84014568e-02
-9.36453417e-02
-8.48075822e-02
8.49970728e-02
-3.22095416e-02
-4.41194661e-02
-1.37568623e-01
-1.43583221e-02
1.16952337e-01
8.31856504e-02
1.85563222e-01
-1.83058083e-01
-1.50009573e-01
-8.43441393e-03
3.91257368e-02
-1.04747705e-01
-7.56622106e-02
1.33324370e-01
5.40887639e-02
2.39791386e-02
7.12521970e-02
5.13326228e-02
-1.53132334e-01
-9.68325064e-02
3.96208763e-02
-1.00573570e-01
-1.30070016e-01
9.73030254e-02
3.19614187e-02
2.74929870e-02
-2.46207137e-02
-2.02822328e-01
-3.18314917e-02
-1.09517425e-01
-1.00792982e-01
6.33239597e-02
-1.22951359e-01
5.27371354e-02
-1.76764838e-02
2.95075905e-02
-5.65857701e-02
-1.69934274e-03
-1.99270248e-01
-1.25356823e-01
8.08949545e-02
1.20886937e-01
1.38921022e-01
6.65123910e-02
1.53110594e-01
3.57859358e-02
1.17161032e-02
-8.22248384e-02
1.73086569e-01
4.47864197e-02
-4.40525152e-02
-1.63739678e-02
-4.14442159e-02
1.18499938e-02
-1.69701397e-01
-1.05948254e-01
-2.75120605e-02
-5.14455587e-02
-1.99248984e-01
4.35100943e-02
-2.14884400e-01
9.56413918e-04
-1.28601016e-02
-1.74017102e-01
-9.84324887e-03
1.39407858e-01
1.74662665e-01
-7.62691721e-02
1.08505078e-01
8.59865323e-02
2.18440741e-01
-7.17690662e-02
-1.43871605e-01
-6.82074875e-02
-2.43577972e-01
4.62381244e-02
1.84477381e-02
-4.34581675e-02
1.97130982e-02
-3.72042656e-02
-2.28395797e-02
-4.46257219e-02
-2.91198082e-02
-1.11294046e-01
2.12441936e-01
-6.41296580e-02
-2.00647160e-01
-3.47618796e-02
-1.74173668e-01
-3.47348154e-02
2.32865252e-02
4.17314395e-02
2.90126223e-02
-1.35058314e-01
-5.78694120e-02
5.61809987e-02
-2.34814763e-01
-1.71356425e-02
6.84008598e-02
-7.93827996e-02
-2.26741239e-01
1.00762188e-01
5.48009500e-02
-1.47188023e-01
-1.18913665e-01
4.65465337e-02
8.67298990e-02
1.23738557e-01
5.95656410e-03
-1.28750056e-01
2.21786480e-02
1.21158302e-01
-8.25895220e-02
-8.64520390e-03
-1.04499003e-02
2.22724062e-04
1.39715392e-02
8.63289088e-02
-9.17310268e-02
-9.39976200e-02
-5.87544180e-02
-1.37569264e-01
-1.13014869e-01
-3.69906314e-02
-4.45943475e-02
-2.17684079e-02
-1.61134869e-01
-9.74223092e-02
1.27103567e-01
-8.05182159e-02
-5.76829771e-03
-1.86280385e-01
-7.10815117e-02
-3.70384776e-03
1.47888809e-01
-1.18690003e-02
-2.90518962e-02
4.33983356e-02
-4.27808538e-02
7.80241489e-02
6.25975952e-02
-1.61551535e-02
8.29719380e-02
-7.60672614e-02
-6.20370768e-02
4.99758422e-02
-5.01319915e-02
3.35989632e-02
1.54523090e-01
-1.08446397e-01
1.17192836e-02
5.02024256e-02
9.24685001e-02
1.60735279e-01
-3.99732962e-02
1.62378326e-02
-8.36806446e-02
-3.79706472e-02
1.06284201e-01
2.68250443e-02
6.57583475e-02
-5.06181903e-02
7.20157623e-02
-1.26458243e-01
-9.03263316e-03
-9.08324197e-02
-1.70846835e-01
-9.84255448e-02
1.42429294e-02
1.05883770e-01
1.53023720e-01
1.07078083e-01
8.95523205e-02
4.20425460e-02
-4.43254150e-02
-1.41634811e-02
-6.29325062e-02
5.69680743e-02
-1.36237323e-01
-2.65725125e-02
5.41118160e-02
8.72530416e-02
5.73204719e-02
-1.55085698e-01
-1.87886178e-01
-9.56290811e-02
-4.03139880e-03
3.14359777e-02
-6.94010630e-02
1.16659418e-01
-1.32238224e-01
-3.04241795e-02
9.04999748e-02
1.71944082e-01
1.34121403e-02
-1.02656648e-01
-6.34101406e-02
-8.38268623e-02
7.36553669e-02
2.08856110e-02
-8.86894464e-02
1.23746432e-02
-6.42457977e-02
-1.09350897e-01
7.15699270e-02
2.32056640e-02
-7.70400465e-02
-1.33477613e-01
-8.90234709e-02
7.23659694e-02
-5.79985492e-02
9.98002244e-04
-2.79034823e-02
1.06196351e-01
1.36860207e-01
-1.10044353e-01
9.11213532e-02
8.31795782e-02
1.08684292e-02
-3.37350778e-02
8.85520503e-02
-4.88074198e-02
4.98058237e-02
-1.09579407e-01
-3.90011561e-03
4.75271493e-02
-6.09879661e-03
5.90312481e-02
-7.87815452e-02
2.70240568e-03
-7.13050291e-02
1.25766009e-01
6.79580495e-02
-1.19093530e-01
2.47390997e-02
7.87690207e-02
-1.37127683e-01
5.53246178e-02
1.19760960e-01
6.35792464e-02
8.23828578e-02
-9.84389987e-03
9.85571444e-02
1.50118731e-02
-1.68824956e-01
1.74932927e-02
-3.85813341e-02
-5.85620739e-02
-4.60657664e-02
1.00533590e-01
7.73715153e-02
-4.01215302e-03
1.67074278e-01
6.38315082e-02
1.14741549e-01
2.77996380e-02
5.12795672e-02
2.08033007e-02
-1.08847907e-02
3.41197699e-02
9.54020768e-03
1.49421468e-02
1.74074192e-02
-2.52015572e-02
-5.88736078e-03
1.33091453e-02
1.43411443e-01
-1.98785169e-03
-8.77139941e-02
1.48128659e-01
-1.32563636e-01
4.06791642e-02
8.45395848e-02
2.93678604e-02
1.41559560e-02
-5.65664545e-02
-1.73469454e-01
1.24305762e-01
-2.50947922e-02
-2.41730008e-02
1.16363831e-01
-1.03099532e-01
-1.21572651e-01
1.85277551e-01
5.67614473e-02
-4.65980582e-02
-8.21225196e-02
4.85407747e-02
-2.46518347e-02
1.26414031e-01
9.31482613e-02
2.71521881e-02
-5.38578071e-02
-4.96678539e-02
7.38065466e-02
-2.99847629e-02
9.86596942e-02
3.86254583e-03
-2.99118236e-02
1.63953722e-01
1.22999117e-01
2.86470763e-02
-7.98538476e-02
1.16024211e-01
4.22179326e-03
-2.55221725e-02
-2.81094220e-02
-1.57179981e-01
-5.41563667e-02
-1.10970393e-01
-5.13211973e-02
7.01709017e-02
-2.84938514e-02
2.54779542e-03
1.49120856e-02
1.85025677e-01
-4.32783291e-02
3.94211039e-02
6.41588047e-02
-1.16947249e-01
-4.62309532e-02
-3.06928065e-02
4.85004820e-02
1.10087365e-01
-1.02620855e-01
-1.58304662e-01
-1.69792902e-02
-8.01390409e-02
-9.31205079e-02
-1.16756298e-01
-1.02811772e-02
-1.43607646e-01
-2.46592119e-01
1.69032626e-02
1.14321662e-02
3.83757940e-03
-1.30415857e-01
-7.01645948e-03
4.51268554e-02
-1.12070523e-01
1.78486750e-01
-4.53129523e-02
2.00919896e-01
-5.67051172e-02
-7.78693035e-02
8.15156922e-02
-1.14586584e-01
1.10636085e-01
-1.64026409e-01
1.20559102e-02
4.77870926e-02
-7.55206048e-02
-4.95193675e-02
-1.80700079e-01
-9.31536257e-02
9.84489396e-02
5.81978820e-02
-1.05062023e-01
-1.24380723e-01
1.18716694e-01
-1.29517585e-01
-2.25987658e-01
-1.97090641e-01
1.71183161e-02
5.27831551e-04
-1.39273480e-01
-1.17782570e-01
5.99365495e-02
1.25141725e-01
1.43192023e-01
-1.82479769e-01
3.39457057e-02
-1.45131811e-01
-7.42895752e-02
1.33189544e-01
5.01853786e-02
5.36493063e-02
-6.05393685e-02
2.17886880e-01
1.37132570e-01
1.03798144e-01
8.13787505e-02
-6.10494576e-02
7.75051117e-02
1.52912170e-01
-1.58002004e-01
-1.66717529e-01
1.27366900e-01
-1.31005496e-01
-2.47117523e-02
-8.99807957e-04
9.22756940e-02
1.65878132e-01
9.15895179e-02
1.37391388e-01
-4.87314239e-02
-8.47182572e-02
6.81343973e-02
-8.92593265e-02
-4.15125117e-02
1.41198441e-01
-3.17111537e-02
-1.41536728e-01
-2.94963866e-02
-1.00529760e-01
-1.25353798e-01
-1.05388224e-01
-1.25204980e-01
-8.86705220e-02
9.34135020e-02
-5.85518666e-02
9.39982533e-02
-9.45905149e-02
-1.67330038e-02
7.22970366e-02
3.34169306e-02
-9.92476568e-02
-4.10984568e-02
6.88143596e-02
2.39962507e-02
5.37497662e-02
-2.03312054e-01
1.06895622e-02
-9.13218036e-02
-1.27962708e-01
-3.26351784e-02
-4.97794859e-02
-1.65184436e-03
-1.16553947e-01
-5.49966395e-02
-6.39133453e-02
-6.50193170e-02
5.43633923e-02
-5.10140881e-02
1.15150981e-01
-9.12073106e-02
4.04435657e-02
6.55099601e-02
-1.31048381e-01
-7.98202679e-02
-1.31294280e-02
2.84553934e-02
-9.36038941e-02
4.16992791e-02
7.08962083e-02
1.58016115e-01
3.23994122e-02
-1.12418428e-01
-7.13411346e-02
-6.44113589e-03
6.29538670e-02
2.72569098e-02
-1.32354334e-01
-1.39272884e-01
1.63342148e-01
-1.14871509e-01
-5.08282892e-02
1.42034784e-01
-3.85215171e-02
-9.10525769e-02
3.11659649e-02
-6.26065210e-02
2.69772056e-02
-4.34936136e-02
-6.29350916e-02
-1.35611733e-02
-1.18628666e-01
5.41776977e-02
1.10686973e-01
-2.05699652e-02
-1.81019172e-01
-1.61789823e-02
4.42167372e-02
1.02927163e-01
-6.27458468e-02
-8.14797282e-02
-1.09360442e-01
-1.35651939e-02
-1.03007123e-01
-1.77541059e-02
-1.55456617e-01
7.36905187e-02
-4.12688255e-02
-2.23911982e-02
1.05588883e-01
-5.23466766e-02
6.50138855e-02
-2.38843381e-01
-8.01116303e-02
8.27277228e-02
-1.12207718e-01
-2.60605803e-03
-3.27118300e-02
1.32375300e-01
9.49756503e-02
-9.47147459e-02
5.80647998e-02
-5.61369359e-02
1.41564488e-01
1.46175638e-01
1.70471862e-01
1.63824752e-01
-2.31445089e-01
-2.03211784e-01
-1.68977126e-01
8.40097964e-02
-1.33442923e-01
-7.54314587e-02
-1.61993235e-01
-7.41858184e-02
2.71491110e-02
1.03386696e-02
1.14600979e-01
7.64598399e-02
8.29310389e-04
-9.06071439e-02
2.17336509e-03
-8.53094608e-02
8.92766789e-02
-1.14409178e-01
-5.52731864e-02
1.45426109e-01
1.04773805e-01
-1.06165819e-01
8.46090838e-02
-2.28215437e-02
7.90292770e-02
2.04935614e-02
1.65207852e-02
1.06284969e-01
-1.09754607e-01
-1.28453404e-01
1.57728344e-01
-1.61145970e-01
7.25120679e-03
1.29034594e-02
-1.07418753e-01
5.93923330e-02
3.37849818e-02
-1.15399845e-01
8.30618590e-02
-2.29817078e-01
-1.63242817e-02
1.53406352e-01
-4.71088290e-02
-9.38147008e-02
-3.02612614e-02
-9.70618725e-02
5.69671988e-02
-1.35639012e-01
-4.94494215e-02
-1.43545017e-01
-6.39402121e-02
2.53616851e-02
6.99490542e-03
-7.08001554e-02
8.53706002e-02
-7.64686614e-02
-1.19425267e-01
-1.31773762e-03
-1.05424896e-01
-1.19444728e-01
-9.86342877e-02
1.40160680e-01
1.58963799e-01
-5.24897128e-02
-1.16186440e-01
3.24448608e-02
-1.20488673e-01
-1.89076051e-01
2.40257960e-02
1.00810274e-01
1.85137745e-02
-2.12892536e-02
5.83589673e-02
-2.84085590e-02
6.43129721e-02
-9.99026671e-02
1.40828136e-02
