0011110000101011
0011110000000110
0011101111100000
0011110000011001
0011101111010000
0011101111001001
0011101111101100
0011110000000101
0011101111110011
0011101101100110
0011101111010101
0011110000000000
0011110000010001
0011110000001101
0011110000011111
0011110000000010
0011101111011011
0011101111011101
0011101111100111
0011110000000110
0011110000001100
0011101111001110
0011110000111101
0011110000000001
0011110000010010
0011101111010001
0011101110101101
0011110000101001
0011110000001001
0011110000000001
0011101111100000
0011110000010011
0011110000000000
0011110000011001
0011101110110110
0011110000001100
0011101111111110
0011101110001000
0011110000010000
0011110000101010
0011101111110000
0011101111101101
0011101111001111
0011110000001000
0011110000000111
0011110000001010
0011110000000110
0011110000000011
0011110000100101
0011110000011001
0011110000011001
0011101110111100
0011110000011010
0011110000000110
0011110000000000
0011101110100101
0011101111111010
0011110000010100
0011101111110001
0011110000000111
0011110000011110
0011110000001111
0011110000010110
0011110000110001
0011110000001001
0011101111011000
0011101111101001
0011110000010011
0011101111111011
0011101110101110
0011101111000011
0011110000010000
0011101111100110
0011101110011100
0011101111111011
0011110000010010
0011110000100110
0011101111010110
0011110000001100
0011101111000011
0011110000000101
0011101110110101
0011110000101110
0011110000010001
0011101111100100
0011101111100011
0011110000101000
0011101111011000
0011110000010000
0011110000001010
0011101111000000
0011101111000110
0011101111111011
0011110000000110
0011101111010011
0011110000001100
0011101110100110
0011101111010110
0011101111010110
0011110000001000
0011101111000000
0011101111111001
0011110000001000
0011101111011111
0011101111111111
0011110000010100
0011101111110001
0011101111110111
0011110000010111
0011101111001111
0011110000000101
0011110000011101
0011101111000100
0011101111100010
0011101110111001
0011101111110101
0011101110110010
0011110000000110
0011101110111000
0011110000100011
0011110000111111
0011101111010100
0011110000001000
0011101111011110
0011110000000111
0011101111000000
0011110000001101
0011110000010010
0011110000011100
0011110000011010
0011110000001101
0011110000001100
0011101111011001
0011110000001100
0011101111110000
0011110000001100
0011110000101011
0011101111111101
0011110000000001
0011101111110101
0011110000000000
0011101111000100
0011101101010110
0011110000011100
0011110000001010
0011110000001000
0011110000010110
0011110000100111
0011101101111010
0011101111001000
0011101111111010
0011101111110110
0011101101111010
0011101110011100
0011110000110000
0011101111101010
0011110000000100
0011101111110001
0011110000001111
0011110000010001
0011110000100001
0011101110111110
0011110000001000
0011110000011101
0011110000011001
0011110000011010
0011101110000001
0011110000101110
0011101111101111
0011110000101101
0011110000010110
0011101111101000
0011110000011110
0011101111100111
0011110000110100
0011110000001010
0011101111101001
0011101111010000
0011101111100110
0011101111000000
0011110000011010
0011110000001111
0011101111111000
0011110000010001
0011101110010001
0011101111001101
0011110000110010
0011110000000010
0011110000001010
0011101110110011
0011110000100101
0011101110100101
