1.12641883
1.18613040
1.20214069
1.10885572
1.23474109
1.13915551
1.20356083
1.09858787
1.09578741
1.17489386
1.06192839
1.08184433
1.05986094
1.19432938
1.12489128
1.11118591
1.04413009
1.06509292
1.09330976
1.06999230
1.16101921
1.15855753
1.12278473
1.17547834
1.31135345
1.15646768
1.02638233
1.11039710
1.14048207
1.08498132
1.28510845
0.96197891
1.24181402
1.04791427
1.13565576
1.19356215
1.13408208
1.11166584
1.15906584
1.07421470
1.06733990
1.02802610
1.20332599
1.07086146
1.21888053
1.24921119
1.18419027
1.12628138
1.23210895
1.05020857
1.08692074
0.95185602
1.17551517
1.19196868
0.94048893
1.04060435
1.17607522
1.12865615
1.05035794
1.00020123
0.92382675
1.06429756
1.06615019
1.12334418
1.14614451
1.26411605
0.99342465
1.12745094
1.12104118
0.99106616
1.09861588
0.90268797
1.10320795
1.26740265
1.06475353
1.16409111
1.09138036
1.24067605
1.13504994
1.13252473
1.11901355
1.19932437
1.02916467
0.98620665
1.17160141
1.05566597
1.12122154
1.04772401
1.18585277
1.16247058
1.11620605
1.07554507
1.14903295
1.08155620
1.08842576
1.05784488
1.05177331
1.16819966
1.11959183
0.99342293
1.05168271
1.05113709
1.05443418
1.12348723
1.10733926
1.06409168
1.18344784
1.09389329
1.11302578
1.10752761
1.05853570
1.13497996
1.13179481
1.25721562
1.19302523
1.29060614
1.13106072
1.10877764
1.11656332
1.06485450
1.10154033
0.95648980
1.07126045
1.20661604
1.22767770
0.98630500
1.16835821
1.16040957
0.98187929
1.14577615
1.26081479
1.12881124
1.11930263
1.13140643
1.24755645
1.15322483
1.04898071
1.31586468
1.15600181
1.04864442
1.05274343
1.15482914
1.07598722
1.01207232
1.07178140
1.19161153
1.24835479
0.97504604
1.10249758
1.21000767
1.22744358
1.18221092
1.23115575
1.13982332
1.17326319
1.11320806
1.11569262
1.20373011
1.14625287
1.09676194
1.14026999
1.08410406
1.16133964
1.07641923
1.02317655
1.03129900
1.06044865
1.24696875
1.16356921
1.03931403
1.16137648
1.28996348
1.10004306
1.06800199
1.07366216
0.91318125
1.11367917
1.18061864
1.03848004
1.13032973
1.21027613
1.11979389
1.10352135
1.22810864
1.01988482
1.21553004
1.20619082
0.95809847
1.08021259
1.09274673
1.04323196
1.43450820
