-0.07527328
0.00219688
0.01568144
-0.01261375
-0.09909438
-0.09554558
-0.09226254
-0.00765909
-0.02535833
-0.05867836
-0.09299385
0.01930733
-0.06710105
-0.04570650
0.00219649
-0.05822178
0.03277970
-0.00573938
-0.06551678
0.01901180
-0.04144074
-0.01181286
-0.04877049
-0.06600717
0.02214944
-0.07924000
-0.00711804
0.01168241
-0.06962249
0.01713098
0.02555403
0.02214124
-0.08996263
-0.08822829
0.02256520
-0.08402713
-0.02084569
0.00584671
0.02049395
-0.07103899
-0.07181074
-0.07552101
-0.01150375
0.00791988
-0.02744372
-0.05701518
-0.03215543
-0.06569041
-0.06880207
0.00300330
-0.09227975
-0.03804085
-0.02710084
0.02240154
-0.08066982
-0.02369680
-0.06879048
-0.03231853
-0.02460833
-0.05609678
-0.06155367
0.01128436
-0.01806175
-0.04750636
-0.03322661
-0.01068915
-0.00060401
-0.06514972
-0.03928658
0.01291881
-0.03126679
-0.03092045
-0.03741488
-0.05672126
-0.00251024
0.03681651
-0.07254984
-0.05514450
-0.10125144
-0.02464016
0.00165867
-0.07382662
-0.07622274
-0.08005165
-0.04429208
0.02024732
-0.09912381
0.00592515
-0.07797816
-0.05640689
0.00029535
0.00562531
-0.03693468
-0.00887305
0.00105227
-0.05563483
-0.01763389
-0.06649008
-0.05591238
-0.06434070
-0.01724647
-0.10493633
0.01870868
-0.09413623
-0.06904265
-0.07222358
0.01600208
0.02147239
-0.00613646
-0.00945446
0.00597529
-0.01906714
0.02333152
-0.09431128
-0.09093416
-0.02057909
-0.05069371
-0.06578983
0.00471523
-0.08541632
-0.09614529
-0.01999881
-0.06058213
-0.03531353
0.03347340
-0.04472733
-0.08544533
-0.03532133
-0.02983672
-0.05502862
-0.00327425
-0.06112647
0.01514001
-0.01569746
-0.00730772
0.00002722
-0.00544075
-0.03165523
-0.00445159
0.01676666
0.01682562
0.00885464
0.01817343
-0.02960806
-0.06367250
0.00697301
0.03784631
-0.03888070
-0.05979981
-0.07633683
0.01689491
0.01836120
-0.06211701
-0.07409581
-0.09044576
-0.07282423
-0.09106996
-0.07774062
-0.00582235
-0.03746896
-0.08384050
-0.03295746
-0.07732119
-0.05549895
-0.06879433
-0.03834909
0.00589287
-0.02909897
-0.07322396
-0.09930029
-0.06221902
-0.03764114
0.01350787
-0.02269330
-0.06708855
0.03017700
-0.03238054
-0.06201435
-0.09499291
-0.07925528
-0.06541609
-0.02236900
-0.02731517
-0.07092091
-0.09803971
0.03959017
-0.10122997
-0.01949060
-0.03926369
-0.06322592
-0.07355151
-0.05178033
-0.07333671
-0.05461577
0.00261123
-0.05750365
0.01584681
-0.07871364
-0.03247449
0.00565694
-0.06257167
-0.00635525
-0.03764385
-0.02318646
-0.02596921
-0.02346508
-0.09319077
-0.07157545
0.03143922
-0.05120357
0.03470623
-0.08852912
0.00146490
-0.04623175
-0.08684684
-0.01033806
-0.06904660
-0.03115750
-0.11404644
-0.06862213
0.00500003
-0.03835755
-0.08126912
-0.03752645
-0.00667310
-0.02223177
-0.01679512
-0.04610838
-0.03711814
0.00881658
-0.01057747
0.00268557
0.00755507
-0.04334211
-0.07421134
-0.04657668
-0.00010042
-0.06990101
0.01672436
-0.01870754
-0.02214245
-0.03624088
-0.05882348
-0.04278805
0.00862075
-0.07204322
-0.07101234
-0.07933287
0.00963252
-0.02577466
-0.03328826
-0.09418764
-0.08392095
0.01412773
-0.00453821
-0.08475891
-0.05973892
-0.00512214
-0.02127591
-0.03163412
-0.07689826
-0.08508468
-0.02677489
-0.00594418
-0.07268613
-0.07395073
-0.07956897
-0.10357499
-0.04142092
0.00578999
-0.03593772
-0.05959991
0.02822097
-0.03711034
-0.01687440
-0.02344894
-0.01780536
-0.08858517
-0.06245577
0.02056110
-0.02167425
-0.04242247
-0.05991501
-0.07366783
0.04033008
-0.04512238
-0.08483276
0.00222217
-0.07787735
-0.01941730
-0.04967545
-0.03723413
-0.01926136
-0.07442386
-0.05725084
-0.03209759
-0.05938204
-0.05650901
-0.00154078
-0.03849507
-0.07434831
0.01206194
-0.08515742
-0.08169109
-0.01135149
-0.03325459
0.00342147
-0.10359059
-0.02389787
-0.03538514
-0.05659376
0.01943106
0.01744777
-0.09045164
-0.08370062
-0.07636438
-0.07937820
-0.08900510
-0.00646287
0.02126986
0.02212857
-0.01168097
-0.04822017
-0.07634188
0.02105642
-0.01292798
-0.04729788
-0.09371201
-0.01298017
-0.06874929
-0.07458108
0.00954544
-0.08935103
-0.02662518
-0.01884644
-0.08587594
-0.00370653
-0.01438482
-0.01590972
0.00803009
0.01128591
-0.04122605
0.01723246
-0.06669911
-0.08866619
0.00993518
-0.05217946
-0.04281605
0.00362193
-0.01062747
-0.03548847
-0.06831622
-0.07959851
-0.05838382
-0.07710145
0.01020685
-0.03991880
-0.09502269
-0.03756353
-0.08256246
0.03001615
-0.01400872
-0.07195941
-0.09606914
-0.05570158
-0.01928720
0.01517771
-0.09161980
-0.08494949
-0.00378970
0.01984694
0.02817685
-0.07044644
-0.05880315
-0.08754282
0.02873331
-0.03194688
-0.09383760
-0.08391183
0.01804628
-0.03481902
0.01255811
-0.03342533
-0.02723879
-0.02082424
-0.00322595
-0.03651534
-0.06646707
-0.07786170
-0.03719035
-0.04628728
-0.05513587
-0.01631120
-0.06565399
-0.07560156
-0.01426588
-0.07849710
0.03133300
-0.03473436
-0.04698090
0.01150368
-0.08430439
-0.07439595
-0.01276771
-0.06265856
-0.01561371
-0.02058138
0.01764290
0.01354944
-0.03755198
0.00614004
-0.07956940
0.01378300
-0.05118696
-0.01840782
0.01586813
0.00515911
-0.09016570
0.00868718
-0.05951167
0.00982067
-0.08429471
-0.02874778
-0.02583962
-0.10440162
0.01846382
-0.00192106
-0.02111780
-0.02730375
-0.04313453
-0.06652872
-0.01766573
-0.04203689
-0.09207007
-0.03749176
-0.06733563
-0.05262160
-0.09829938
0.01900996
-0.00059456
-0.09517053
-0.01131790
-0.03239146
-0.04419798
-0.00188842
-0.01861325
-0.01830108
0.00458818
0.01765093
-0.00500487
-0.05671955
-0.06834573
-0.04254980
-0.03896759
0.02132509
-0.09458405
-0.07621276
-0.01994753
-0.04764409
-0.04877407
-0.05195735
-0.04828645
-0.03788606
-0.04097299
-0.05942896
-0.06630162
-0.05897948
-0.00091107
-0.00698910
-0.07022592
-0.05024169
-0.03315704
-0.08338924
0.00182733
-0.05976469
-0.08079913
-0.05926603
-0.08815201
0.01984357
-0.10592400
-0.05756674
-0.03235929
-0.08058051
-0.04099320
0.02465913
-0.05381448
-0.02508336
-0.02898713
-0.05702709
-0.09197325
0.00074972
-0.04116686
0.01408750
0.01531091
0.01310351
-0.00629929
0.00449242
-0.04632116
-0.07317773
-0.07423030
0.00953891
-0.03520621
0.00014144
0.02492814
-0.04725044
-0.03420889
0.00473813
0.03361292
0.02578406
-0.09436533
-0.08286174
-0.05619730
-0.05519486
-0.00215139
-0.07776236
0.01388371
-0.07627198
-0.01132661
-0.02790870
0.02742029
-0.00090081
-0.03508408
0.00251132
-0.06331725
-0.03288921
-0.07949786
-0.06334417
-0.01953302
-0.03204118
-0.06279133
-0.04266885
-0.00981506
-0.08691733
-0.01698438
-0.10022575
-0.00883965
-0.01144972
-0.07801554
0.01715859
-0.04435139
-0.01491182
0.01530693
-0.08743234
-0.07600589
-0.09657467
-0.08519416
-0.01225312
-0.02889264
-0.08071741
-0.08598270
-0.04667059
-0.01541486
-0.06574213
-0.00774581
0.02953449
-0.06863763
-0.00880750
-0.06576507
0.03843204
-0.04223777
-0.08421411
-0.06815210
-0.05561142
-0.07704170
-0.10205262
-0.06949028
-0.04593425
-0.06397117
-0.01748266
-0.06752090
-0.04243933
-0.08877812
-0.07537936
-0.00415571
0.00119310
-0.09280201
0.02932961
-0.08877588
-0.10347741
-0.00012519
-0.03026150
-0.01365618
-0.01436954
0.01100323
-0.02852130
-0.06934759
0.00216870
-0.04556164
-0.04073935
0.01827583
0.00351184
-0.02722148
-0.08015940
-0.01579509
-0.09041439
-0.04175980
0.00975598
-0.06197555
-0.00641369
-0.04151630
-0.09995080
0.01480571
-0.05533862
-0.02915012
-0.00981121
-0.02224873
-0.10327892
-0.07689524
-0.04652260
-0.09208225
0.00224445
-0.05445575
-0.06766846
-0.00329030
-0.09105040
-0.00172177
-0.06157401
-0.07629985
-0.06113040
-0.09848762
-0.06207593
0.00453620
0.01300014
-0.01149525
-0.08020741
-0.07976349
-0.06866994
-0.03673177
-0.03303206
-0.01153009
-0.04017397
0.01336947
0.00176670
-0.02649626
0.01283379
-0.03259972
0.00122027
-0.01147809
-0.05407807
-0.02275816
-0.03504017
-0.09441791
-0.06470463
-0.04846953
-0.06151816
-0.00106912
0.00421414
0.01644377
-0.03054472
-0.04734508
-0.06497622
-0.05636515
0.03822633
0.00051514
-0.09981717
-0.01100208
-0.09806465
-0.08486495
-0.02187436
-0.09549136
-0.01135829
-0.08113185
-0.04726444
-0.03402642
-0.01140986
0.03481461
-0.07779332
-0.03105575
-0.04129707
0.01127057
0.00355762
-0.03416845
-0.04471086
-0.07705851
-0.08704956
-0.00699475
-0.00122788
-0.04030828
-0.03509179
-0.00973063
-0.04975399
-0.06964437
0.01092224
0.02046129
-0.08272962
-0.02402570
0.00361879
0.00744056
-0.00535449
-0.04613301
-0.02444816
-0.04661610
0.01369988
0.00014132
-0.09012634
-0.03640788
0.00626126
-0.05735994
-0.04820116
-0.01016701
-0.04663124
0.00896571
-0.03383647
0.01204307
-0.07553512
0.00105228
0.00298822
-0.06855263
-0.00533058
-0.06259694
0.00291474
-0.07768746
0.00843159
-0.08783703
-0.03605241
-0.06148390
-0.03937117
-0.05677212
0.01669438
-0.07376650
-0.06821612
-0.01721610
-0.09190575
-0.01467681
-0.05861858
-0.02504589
-0.07213974
-0.02185213
0.01990560
-0.02699343
0.00073274
-0.10009760
-0.04340653
-0.05100955
-0.01510363
-0.04410977
0.02235063
-0.05413231
0.01611484
-0.08046946
-0.08733795
-0.08102059
-0.04351766
-0.09584227
-0.06714985
0.02064105
-0.04541954
-0.05577517
-0.08855511
-0.08949878
-0.07204294
-0.02479678
0.00324453
-0.02802638
-0.06908669
-0.01010820
0.01959241
-0.08060664
-0.06177719
-0.09454285
-0.01940925
0.02343843
-0.10796911
0.02054476
-0.08864243
-0.04104740
0.00372102
-0.07453594
