1010101010011001
1010100101110101
0010100111101100
0010100111110100
0010100111110011
1010100111111101
1010100101111100
1010111010001010
0001111110110011
1010000010110100
0010001001111100
1010110110010100
0001010000111001
0010110010011010
0010011101010100
0010101011011100
1010110011100111
1010100110010001
1010010110011011
0010000111000101
1011000001101001
1001110100001110
1001100110111011
1010101000000111
0010101110000100
1010110011111100
0010110011001101
1010000010101100
0010110110001100
0010110001100011
0010110000111010
1011000000011001
0010011111010100
1010101001001100
1010000010100111
0001010111111101
1010100101011110
0010110101111001
0010100111010100
0010110010100001
0010000011110010
1010100010000100
0010110001001100
0010100111111001
0010100110111001
0010001000100100
1010010100110111
1010100110110001
0010100010100011
0010100101010101
1010111110010101
1010111011100101
1010010001000110
0010111011000100
1011000000100111
0010110001000101
1011000001110000
1010011101111000
1011000001111011
0010011110000011
1011000010111111
0010100010101100
1011001100001110
1010010100100110
1010001011111010
0010110010011101
0010100100110000
1011001011101100
0010010010101110
1011000011111101
0010101010000100
0001111010111001
1010100010101010
1001111100011001
1010111011111111
0010110001111110
0010110001101100
1001010110100111
0010100001011101
0010001111100001
0010000001111000
1010101100010000
0010011101111011
1010100010110101
1010100101110000
1010101101110101
1010111000101111
0010111000101001
0010101101010010
0010100100010100
0010101110101101
0010101110111110
0010110110100000
1011000110101001
0010110001000111
0010011000110111
0010100100011010
1010111110000001
0010101001100100
0001010010101101
1000111001000111
1010000111110011
1011000010111001
1010011000010001
0001101010000110
0010010000011001
1010010111111101
0001110000010100
0001111001000001
0001111110000001
0010010110000010
1010101110111000
0010100111101001
1010010110101000
1010101111101101
0001111111000100
0010111000011010
0010101000011100
1011000001000111
1010101010101100
1010000111001111
1010111001011010
0010000101000011
1010100101100011
0010101010101111
1010111010010010
1010011001111001
1010101101101111
0010101101100111
0010011111001101
1010100100011110
1010101011100110
0010101011000100
1011000110000110
0001100000001010
0010111001000011
0010110010111100
0010111010001010
1010110110110101
0010111001010111
1010101010011000
0010101011101000
0010110000111101
1001100000100010
0010101001101011
0010110011100110
0010101010001110
1011000101100100
0010100101011111
0001011100010110
0010111010000000
0010110110111010
0010100001111101
0010010110110110
0011000011110100
0010001001100101
1010011111000101
1010100011000110
0010010101111001
0010100100001001
1010111000101010
1010110101110100
1010100100011110
1010111100101001
1011000010010110
0010110000111011
0010001010000001
0010111110110001
0010100101010011
1010101001110110
1010101000111111
1010111000011101
0010110001110010
1010010010111010
0010110101100101
1011001001101001
1010110011000101
0010011010100011
0010100100110000
1010111111011000
1010011010101001
0001111011110111
1010101001001011
0010010101100110
0010100110011101
1010110100000011
1010100010101111
1010110010111000
1010110110000110
1010100111111010
0010100010010111
1010110100110101
