0011110010000001
0011110010111111
0011110011001111
0011110001101111
0011110011110000
0011110010001110
0011110011010000
0011110001100101
0011110001100010
0011110010110011
0011110000111111
0011110001010100
0011110000111101
0011110011000111
0011110010000000
0011110001110010
0011110000101101
0011110001000011
0011110001100000
0011110001001000
0011110010100101
0011110010100010
0011110001111110
0011110010110100
0011110100111111
0011110010100000
0011110000011011
0011110001110001
0011110010010000
0011110001010111
0011110100100100
0011101110110010
0011110011111000
0011110000110001
0011110010001011
0011110011000110
0011110010001001
0011110001110010
0011110010100011
0011110001001100
0011110001000101
0011110000011101
0011110011010000
0011110001001001
0011110011100000
0011110011111111
0011110010111101
0011110010000001
0011110011101110
0011110000110011
0011110001011001
0011101110011101
0011110010110100
0011110011000101
0011101110000110
0011110000101010
0011110010110100
0011110010000100
0011110000110100
0011110000000000
0011101101100100
0011110001000010
0011110001000100
0011110001111110
0011110010010110
0011110100001110
0011101111110011
0011110010000011
0011110001111100
0011101111101110
0011110001100101
0011101100111001
0011110001101010
0011110100010010
0011110001000010
0011110010101000
0011110001011110
0011110011110110
0011110010001010
0011110010001000
0011110001111010
0011110011001100
0011110000011110
0011101111100100
0011110010110000
0011110000111001
0011110001111100
0011110000110001
0011110010111110
0011110010100110
0011110001110111
0011110001001101
0011110010011001
0011110001010100
0011110001011011
0011110000111011
0011110000110101
0011110010101100
0011110001111010
0011101111110011
0011110000110101
0011110000110100
0011110000111000
0011110001111110
0011110001101110
0011110001000010
0011110010111100
0011110001100000
0011110001110100
0011110001101110
0011110000111100
0011110010001010
0011110010000111
0011110100000111
0011110011000110
0011110100101010
0011110010000110
0011110001101111
0011110001110111
0011110001000010
0011110001101000
0011101110100111
0011110001001001
0011110011010100
0011110011101001
0011101111100100
0011110010101100
0011110010100100
0011101111011011
0011110010010101
0011110100001011
0011110010000100
0011110001111010
0011110010000111
0011110011111101
0011110010011101
0011110000110010
0011110101000011
0011110010100000
0011110000110010
0011110000110110
0011110010011111
0011110001001110
0011110000001100
0011110001001010
0011110011000100
0011110011111110
0011101111001101
0011110001101001
0011110011010111
0011110011101001
0011110010111011
0011110011101101
0011110010001111
0011110010110001
0011110001110100
0011110001110110
0011110011010001
0011110010010110
0011110001100011
0011110010010000
0011110001010110
0011110010100101
0011110001001110
0011110000011000
0011110000100000
0011110000111110
0011110011111101
0011110010100111
0011110000101000
0011110010100101
0011110100101001
0011110001100110
0011110001000110
0011110001001011
0011101101001110
0011110001110100
0011110010111001
0011110000100111
0011110010000101
0011110011010111
0011110001111011
0011110001101010
0011110011101010
0011110000010100
0011110011011101
0011110011010011
0011101110101010
0011110001010010
0011110001011111
0011110000101100
0011110110111101
