-1.10312410e-01
4.75764424e-02
2.55563427e-02
2.07108464e-02
1.06791370e-01
-9.17119980e-02
6.90277666e-02
8.74339268e-02
-9.56377313e-02
-1.22159522e-03
1.18015260e-01
-3.81140672e-02
-9.11943316e-02
-8.29889253e-02
-2.77316421e-02
8.77302811e-02
4.12708707e-02
1.00444905e-01
3.05483248e-02
9.58345160e-02
1.20848808e-02
-1.95747633e-02
3.12993415e-02
-7.45662525e-02
3.11629511e-02
-9.77298096e-02
-1.71306860e-02
1.14336545e-02
-7.29074925e-02
1.24592081e-01
2.25065537e-02
7.52373561e-02
-2.58055627e-02
-4.66125086e-03
-1.18716545e-01
1.30021334e-01
3.44344527e-02
-5.99338859e-02
5.85356876e-02
-6.75551966e-02
-3.41110490e-02
-5.89819066e-02
-5.73727004e-02
9.21670496e-02
9.48178321e-02
1.20295234e-01
2.29178462e-02
-1.04474157e-01
-1.08362101e-01
-8.05873945e-02
-3.23074795e-02
6.53689057e-02
2.19035149e-02
1.22801149e-02
-7.76691735e-02
-2.36099795e-03
-9.18439031e-02
2.68555395e-02
-3.51626202e-02
7.32285157e-02
-8.67104828e-02
-1.10179834e-01
4.69748415e-02
3.44129167e-02
