0.97634858
1.17943263
1.05397093
0.95968717
1.01713979
1.08605111
1.05496180
0.93940300
0.99261451
1.00656176
1.08555055
1.04691827
1.03512001
1.06893873
1.03633785
1.07832992
0.98763591
1.01404905
0.95334744
1.00989425
1.09079158
1.00593948
1.31894779
1.00943756
0.97081083
1.01457465
0.99808627
1.07829177
1.04532933
1.04558265
1.04703653
1.03817928
0.98612046
0.95224351
1.00706184
0.94527799
1.03514659
1.01558185
1.09553528
1.05773509
0.98113775
1.05897427
1.12758648
1.00485146
1.04808903
1.04461873
1.12188888
1.09585285
1.13013530
1.08363855
1.02464592
1.02597368
1.00083685
0.96552312
1.01574087
0.99144608
0.95978492
1.10862136
1.07584929
0.99407899
0.95353019
1.04443717
1.15919387
1.12052000
1.00303662
0.95494521
1.07454121
0.96942365
1.03296471
1.01646423
1.02184331
0.93850148
1.02268052
1.02861500
0.99113590
1.25494587
1.18909645
0.95309681
1.26827753
1.06189501
1.15541101
0.99223268
1.08533347
0.91658771
0.95717478
1.03679657
1.14630044
1.06097996
1.05783427
1.13697720
1.00918758
1.06573939
1.04245436
1.15850639
1.00374854
1.12906599
0.93531716
0.98567522
1.01549172
1.09327948
1.00106192
0.91817570
1.10131848
0.96313304
1.05932915
1.00233483
1.02604985
0.95526636
1.01563227
0.99964792
0.98921788
1.10648167
1.07924581
0.97593957
1.01274073
0.98633087
0.98582327
0.97003084
1.04092932
1.07827282
1.21036041
1.20521331
1.05153263
0.99510950
1.18126750
0.99326348
1.15036452
1.12091517
1.14818370
1.25548828
1.08436072
1.06045616
1.03125465
1.02028465
0.93157697
1.14678681
1.02209282
1.02014649
1.02451646
1.01128125
1.00078273
1.03672838
1.03882766
1.10959232
1.04175961
1.14124262
1.20909464
1.18464100
1.02311051
0.94110024
1.01441896
1.00660670
0.99027449
0.99350989
1.14285278
0.95549816
0.95653474
0.99440187
0.98932791
1.25637257
1.10779941
0.91461027
1.00878084
1.29925716
1.26712549
1.04797614
0.97612953
1.15058327
1.01196373
1.10551894
1.05658984
1.11265373
1.01532972
1.04568553
1.17033005
1.08132327
0.99470788
1.08037984
0.99888575
1.00184453
1.00763237
1.10381615
0.99615389
1.19517410
1.01734793
1.08913422
0.99909192
1.09013712
0.98036927
0.97431988
1.05938303
1.00902784
