2.30326086e-01
-5.68737686e-01
9.69529510e-01
7.58493423e-01
-9.40735817e-01
9.80611220e-02
-1.05319297e+00
7.95624733e-01
7.36472905e-02
1.30017173e+00
3.04990232e-01
-3.19022298e+00
-1.85204685e+00
1.69899094e+00
6.10138237e-01
-1.00590026e+00
-5.90298653e-01
1.06385183e+00
6.86715245e-01
2.77590781e-01
3.35552961e-01
-6.89639673e-02
-2.19384313e-01
-3.19559038e-01
6.14849180e-02
6.32530868e-01
1.33614409e+00
9.19227779e-01
-1.97788930e+00
-5.22474706e-01
2.11630249e+00
-1.17802061e-01
-9.52403069e-01
-1.85586020e-01
-4.70276512e-02
-2.26008606e+00
6.51579916e-01
-3.28497263e-03
1.69877075e-02
-1.56604016e+00
2.45505914e-01
2.66756392e+00
3.51547897e-01
6.55375957e-01
-5.51870108e-01
-9.75815535e-01
-3.36713135e-01
6.47599399e-01
2.80486107e-01
-7.12919712e-01
-1.43324625e+00
6.71821952e-01
-5.66581964e-01
-1.08223212e+00
3.81473064e-01
3.58350426e-02
-1.45255017e+00
-3.75486523e-01
-2.29738072e-01
-5.44637106e-02
1.55758595e+00
1.24498677e+00
-1.46417186e-01
-9.73906457e-01
