Layer: classifier.1._packed_params._packed_params
Quantized Weights:
[[-33  -3  -2 ...  52 -12   6]
 [  8  31   1 ... -12 -47  44]
 [ 14  46  49 ... -45  36 -18]
 ...
 [ 21 -37 -45 ...  -4 -55  22]
 [ 40  45 -36 ...  60 -19  40]
 [ -5  23 -40 ... -50 -31  -9]]
Quantization Scale: 0.0015736657660454512
Quantized Bias:
[-6.62324354e-02  4.76737134e-02  8.04867782e-03 -5.27416989e-02
  3.71367708e-02 -7.10056126e-02  4.78964560e-02 -6.56539351e-02
 -6.18901886e-02  5.08324876e-02  1.64901768e-03 -1.73125695e-02
  7.11479783e-02  6.33034930e-02 -1.00624347e-02  2.61462443e-02
 -5.77469282e-02 -2.05985643e-03 -3.71485129e-02  1.30915195e-02
 -5.76390401e-02  7.38482177e-02  5.89286424e-02 -5.91866821e-02
  5.50899617e-02  6.70925900e-03  2.85394210e-03  4.46938770e-03
  4.80930209e-02  6.75319880e-02  3.77676375e-02  5.53348586e-02
 -3.29157934e-02 -1.59623772e-02 -6.28551319e-02  5.27960435e-02
 -3.74373980e-02 -1.57226454e-02 -7.99970254e-02  7.42462575e-02
  2.11740844e-02 -4.47299406e-02  2.84194537e-02  4.36697714e-02
  2.50712708e-02 -1.26027232e-02 -3.43410000e-02 -4.90380600e-02
 -5.28051108e-02  3.46608385e-02  2.59951130e-02 -4.59364317e-02
  6.03792779e-02  9.25351959e-03 -1.00339931e-02  3.34609263e-02
 -7.10275816e-03 -1.93394795e-02  1.13253675e-01  6.50360510e-02
 -3.21303830e-02  5.46761565e-02 -3.45312506e-02 -3.67904454e-03
 -2.30239145e-02  3.62770334e-02 -2.79798228e-02  5.38870022e-02
 -7.10655451e-02  4.95691784e-02 -3.56765427e-02 -5.92087917e-02
 -7.30832070e-02 -1.25683481e-02 -5.05094416e-02 -6.04685359e-02
  1.86217297e-02  6.18475452e-02  5.74953333e-02  1.64726414e-02
 -6.61484078e-02 -4.69841436e-02  1.85135417e-02  8.87241040e-04
 -7.11474642e-02  3.73040214e-02 -1.10162999e-02  5.41638546e-02
 -5.49605023e-03  4.95839380e-02  3.24353501e-02  1.71258952e-02
  3.67557677e-03  3.99922580e-02 -4.59863208e-02  5.31925261e-03
  5.92771694e-02 -4.85793203e-02 -5.21036498e-02 -7.33539564e-05
 -4.23251726e-02  1.66804567e-02  4.77837995e-02 -8.55123550e-02
 -3.57773132e-03 -9.75615811e-03 -7.46342540e-02  1.99371832e-03
 -6.23150729e-02 -1.05367331e-02  2.14217491e-02 -1.69250704e-02
 -6.70073479e-02  3.03073470e-02 -2.43550842e-03  9.80773289e-03
  4.54174019e-02  1.72661729e-02 -3.55764851e-02 -5.09424545e-02
  4.30872105e-02  3.54228951e-02  6.70558959e-03  4.02509645e-02
 -8.91458318e-02 -9.98714939e-03  2.85945050e-02  6.27909787e-03
  8.70537981e-02  5.78845143e-02  1.78464092e-02  2.11501028e-03
  5.76633252e-02  2.53014769e-02 -2.81128362e-02 -7.43219331e-02
 -8.11430514e-02  6.70170337e-02 -4.44177575e-02  2.97195893e-02
 -8.47465172e-03 -6.12258874e-02  3.52399834e-02  6.08926266e-02
 -7.24168569e-02  1.04745496e-02 -8.62365440e-02  2.34566852e-02
  3.17311324e-02  5.13440855e-02 -4.17487919e-02  3.43331210e-02
 -4.26543728e-02  1.19771331e-03 -3.08596846e-02 -6.43956438e-02
 -2.54799817e-02  2.62446981e-02 -1.62389651e-02  1.75720528e-02
 -3.80865522e-02  2.69352645e-02  6.57302961e-02  5.88368475e-02
  5.56642897e-02 -7.53343385e-03  5.18644713e-02 -7.19578415e-02
  4.89281043e-02  1.09681962e-02  4.21431288e-02 -5.67900538e-02
 -4.36345153e-02  1.00089898e-02  3.91579084e-02 -2.10272595e-02
  1.53406095e-02  1.25296768e-02 -1.39336959e-02 -5.82292862e-02
 -5.13058621e-03  4.56908308e-02 -1.84818786e-02 -4.06477973e-02
  4.75955643e-02 -9.51960403e-03  5.93778081e-02  6.77778348e-02
  3.79727557e-02  1.99381392e-02  5.51124895e-03  3.84564772e-02]

Layer: classifier.2.weight
Parameters:
[0.9869353  1.0016772  1.0445387  1.0618182  1.0261286  0.98448
 1.0502104  1.073938   1.0209371  1.055198   1.113034   0.96202743
 1.0001127  1.0460532  1.0401744  1.0090094  0.9987826  1.0399356
 1.1219567  1.0195642  1.0275062  1.0091527  1.0113143  1.0439727
 1.005008   1.0487869  1.0299461  1.0489775  1.0820886  1.0642596
 1.0137011  1.046851   0.99983513 1.056324   1.0224096  1.0165366
 1.0168569  1.0309877  1.1327181  0.99271685 1.0408716  1.0054816
 1.0864762  0.9970105  0.9911643  1.091834   1.061684   1.0404162
 1.0042945  0.99071366 1.0316498  1.0464424  1.0421228  1.0967777
 1.083288   1.0448211  1.112016   1.0753877  1.0049423  0.9990901
 1.0835723  1.0625181  1.0337312  1.0180869  1.0756935  1.0204445
 1.0076044  1.0275608  1.0605959  1.0178549  1.037807   1.0282015
 1.050537   0.98066854 0.9816936  0.9748162  1.0157114  1.0648679
 1.0530709  1.0021408  1.0816189  1.0402836  0.9453543  1.0772899
 0.97352326 1.0431122  1.0451477  1.0531241  1.0148265  1.0310507
 1.0864719  1.0805854  0.9906493  0.93185395 1.0350025  1.0352968
 1.0686121  0.9948571  1.0252609  0.9974948  1.11356    0.99866945
 0.9922781  0.9982946  1.0667315  1.0588518  1.0014092  0.9778818
 0.9919603  1.1051831  1.0173022  1.0051229  1.0213817  1.035091
 1.0634654  1.0168295  1.0958548  1.0389576  1.0226656  0.9165435
 1.0484092  1.0200393  1.0341033  1.0542376  1.0411756  1.0196306
 0.972418   1.0764815  1.1241615  1.0139647  1.111638   1.0503365
 1.0084369  1.028907   0.9865978  1.0158373  1.0473294  0.9861476
 1.116155   1.0453875  0.98899543 1.0933101  1.0416551  1.1444128
 1.0365789  1.073484   0.9710537  1.019054   0.9734527  1.0056505
 1.0308886  1.0658817  0.9954853  1.0462136  1.1000414  1.1156285
 1.1235363  1.0315795  1.0127772  1.0709088  1.0542684  1.0088294
 1.0746839  1.081517   1.037845   1.0953454  0.9910719  1.0274729
 1.0463405  1.0468583  1.0702146  1.0340205  1.0035627  1.001817
 1.0243753  1.0388114  1.0134932  0.997807   1.1182702  1.0231375
 1.074402   1.0719286  1.0091012  1.0237336  0.9743648  1.0028409
 1.0637434  1.0179884  1.0187252  1.0806109  1.0166925  1.014419  ]

Layer: classifier.2.bias
Parameters:
[ 0.0211247   0.03116418 -0.01573698 -0.01031979  0.04409404 -0.01151864
 -0.01592031 -0.01804813 -0.04818738 -0.01077708 -0.01355954 -0.03736614
 -0.03853894  0.03420702 -0.01874654  0.04398033 -0.04304646  0.00214932
 -0.00530192 -0.06381252 -0.06241948 -0.0447334  -0.04490391  0.04472262
 -0.05871658  0.03516591 -0.00644695 -0.01031926  0.04384834 -0.00905045
 -0.06217425  0.00403724  0.00619407  0.04288214  0.05509827  0.02717158
  0.0192313  -0.00761531  0.03565986 -0.0350678   0.01683344  0.05745043
  0.0035617  -0.05775343  0.05760318  0.01224908 -0.00055447 -0.00130027
 -0.01144632  0.03368039  0.0470698   0.02854277  0.02094476  0.04242991
  0.02271374 -0.00829048 -0.00423632  0.00590476 -0.01587848 -0.03613492
 -0.03401535  0.03990315  0.01545586 -0.00090445  0.02176652  0.0359681
  0.04825946  0.03771787  0.02582976 -0.0445466   0.03838739  0.04056275
  0.01174455 -0.04122015  0.02862312  0.01219026  0.02358919  0.0218334
 -0.02146399  0.04576632  0.05211715  0.00011307 -0.04374248 -0.02034559
  0.05645808 -0.02980754  0.01343271  0.01282094 -0.01945023 -0.04837719
  0.00380739 -0.05760315  0.00580202  0.03277418 -0.04670173  0.03810489
  0.00079926  0.03431352 -0.0521564  -0.05187828  0.01585325 -0.0379914
  0.00239481  0.0162707   0.03273454 -0.03958421  0.06719198  0.04682136
  0.02601672  0.00429358 -0.01244611 -0.04938788  0.02833413 -0.0451862
  0.03565886  0.05121557  0.02371207 -0.02731681 -0.00090041  0.02873798
 -0.00730457 -0.00299646 -0.03803581  0.01489299  0.03390209  0.02783951
 -0.00157398  0.034564   -0.01387387  0.04762416  0.00876391 -0.02154193
 -0.03365443 -0.02591832  0.05532944  0.01311222  0.03697313  0.04699566
 -0.02391527 -0.06319743 -0.01598125 -0.00390028 -0.00664293 -0.00472388
  0.03459509  0.0316532   0.07248151 -0.04417527 -0.04277084  0.06676073
  0.01569808 -0.05100042  0.00378336  0.02618445 -0.04548871  0.03369346
 -0.00224092 -0.0105621   0.05280834  0.0465166  -0.01301957 -0.02852365
 -0.0552404   0.02531561  0.00465154  0.04123322 -0.04215227  0.01246547
  0.02156272  0.02745668 -0.01584054 -0.05038042  0.01446454 -0.04845825
 -0.01428278 -0.00370075 -0.0126585  -0.00683519  0.00536861 -0.04161167
  0.00317935  0.00271335  0.03420383 -0.02885621 -0.06957886 -0.01650543
  0.01705409 -0.00808277  0.00890837  0.03568298  0.06115109 -0.01855832]

Layer: classifier.3._packed_params._packed_params
Quantized Weights:
[[  16    9  -33 ...  -18   -2   11]
 [  10   27  -31 ...   13   35   10]
 [  38   -9  -10 ...   20   35  -40]
 [   2   17   -2 ...  -26   40   29]
 [   6  -22   39 ... -103   -6   30]
 [ -13   11  -22 ...   19   -8   -1]]
Quantization Scale: 0.0025054076686501503
Quantized Bias:
[ 0.00302679  0.06120532  0.05681227 -0.04528332 -0.0454843  -0.05548329]

