Layer: embedding.cls_token
Parameters:
[[ 2.01056623e+00 -1.06991053e+00 -1.82531631e+00 -7.88303971e-01
  -5.21011055e-01  2.19351649e+00 -1.44135892e+00  1.34719938e-01
   1.33705139e+00 -1.87709308e+00 -6.40347600e-01  1.69874513e+00
   1.73694003e+00 -1.10736406e+00  4.20474224e-02  2.04648897e-01
   7.27412641e-01 -9.22406167e-02  1.03284717e+00 -1.20755320e-03
   1.68773487e-01  7.31983483e-01 -2.35560775e-01  1.03769839e+00
   9.63579118e-01  4.73406374e-01 -2.90052086e-01 -5.31489849e-01
   5.76663017e-01 -1.37200937e-01  1.41427529e+00 -2.33838484e-01
   1.32905698e+00 -8.42922986e-01  4.04847413e-01  2.28904366e+00
   1.06401777e+00 -1.04915333e+00 -9.45860088e-01 -5.62915683e-01
  -9.33322370e-01  6.66504800e-02  8.22866037e-02  9.94705021e-01
  -8.52649450e-01  1.71834677e-01 -9.87570509e-02  1.66575897e+00
  -1.88934803e+00 -1.70212710e+00  1.53975546e+00 -1.39696717e+00
   7.20358908e-01  6.96531177e-01 -8.80982041e-01 -2.75339842e-01
  -2.27255774e+00 -1.42017400e+00 -1.08181350e-01 -8.98718238e-01
   2.05534860e-01  2.48471916e-01 -1.47920355e-01 -1.85360853e-02
  -9.16189477e-02 -7.78992772e-01  4.95897233e-01 -1.01867020e+00
   1.69306904e-01  7.22677410e-01 -6.73330665e-01  3.84990990e-01
  -1.76135451e-01 -1.64509699e-01 -3.52996975e-01 -6.37164414e-01
  -8.71609390e-01  8.61059785e-01 -9.73885953e-01 -8.36378157e-01
   1.20892338e-01  1.85684490e+00  1.01186252e+00 -1.12588549e+00
  -5.93457744e-02  4.97535348e-01  8.09016764e-01  7.32230783e-01
   6.17708899e-02 -1.96688563e-01 -5.77438474e-01 -1.15257204e-01
  -2.35063910e+00  1.33535087e-01  6.67837977e-01  1.29814768e+00
  -9.17711020e-01 -1.49741495e+00  1.11020140e-01  3.99115741e-01
   2.54061699e-01 -8.04177940e-01 -1.76870501e+00  3.09164882e-01
  -1.00017762e+00 -1.89279032e+00 -2.21249151e+00  5.50940812e-01
  -6.52533472e-01  9.44489956e-01  3.03534508e-01  8.29591572e-01
  -6.75394177e-01  6.58167005e-01  1.49361348e+00  2.27013826e-01
  -1.23110557e+00 -1.84373045e+00  5.31940460e-01  4.15866524e-01
   3.69912058e-01 -1.15769672e+00 -1.72529846e-01 -1.34406114e+00
  -3.38031143e-01  5.30908048e-01 -2.30316501e-02  9.01113391e-01
   1.31618762e+00 -2.85434175e+00 -3.19297552e+00 -1.10250406e-01
   8.16927012e-03  3.06880265e-01  1.56739914e+00 -6.35396481e-01
  -8.86987567e-01 -9.76690292e-01 -4.08672877e-02 -1.10982609e+00
  -7.79808104e-01  1.08093739e+00 -9.65004742e-01  2.97749400e+00
   1.15926945e+00  2.07436994e-01  2.54262865e-01  1.73764622e+00
   2.28736937e-01  3.73741150e-01  8.10939670e-01  1.54570901e+00
  -7.08544075e-01  2.95277429e+00 -2.12454987e+00  6.93209410e-01
  -9.80949283e-01 -2.74269867e+00  1.23510349e+00  1.68737993e-01
   1.37050045e+00 -6.54013455e-01 -1.01346767e+00 -3.25404555e-01
   8.19389284e-01  3.08417320e-01  2.69354939e+00 -9.66935873e-01
   6.26534104e-01  2.45804414e-01  6.84152424e-01  4.82629329e-01
   9.04076874e-01 -1.50903893e+00 -1.74034983e-01 -8.55429590e-01
   7.81726360e-01  9.69635844e-01  1.45040274e+00  1.70307088e+00
   5.54837525e-01  7.44473413e-02  1.64505100e+00  7.20100522e-01
  -1.70243824e+00 -1.89694917e+00  7.71593571e-01  2.98926979e-01
  -1.74319756e+00  8.87206733e-01  1.56845570e-01 -2.27687383e+00]]

Layer: embedding.0._packed_params._packed_params
Quantized Weights:
[[   4]
 [  56]
 [ -29]
 [ -10]
 [ -20]
 [-103]
 [  63]
 [  36]
 [  12]
 [  92]
 [ -97]
 [ -37]
 [  14]
 [  48]
 [ -19]
 [  67]
 [ -20]
 [  69]
 [  73]
 [ 109]
 [ -52]
 [  87]
 [ 126]
 [ -82]
 [  56]
 [ -28]
 [ -95]
 [  91]
 [  62]
 [ -23]
 [ -24]
 [ 115]
 [ 111]
 [ -71]
 [  69]
 [  98]
 [  40]
 [ -32]
 [ -86]
 [ -58]
 [  -5]
 [  66]
 [  60]
 [ 105]
 [  76]
 [  72]
 [ -62]
 [ -63]
 [-103]
 [ 103]
 [   0]
 [ -91]
 [  89]
 [   3]
 [ -68]
 [  19]
 [  48]
 [ -68]
 [ -48]
 [  29]
 [  20]
 [  52]
 [-102]
 [-116]
 [ -36]
 [  22]
 [  31]
 [  76]
 [  -4]
 [ -34]
 [ -84]
 [  22]
 [  43]
 [ -49]
 [   6]
 [  87]
 [-117]
 [  19]
 [ 121]
 [  56]
 [ 108]
 [  18]
 [ -53]
 [  24]
 [  26]
 [ -73]
 [-117]
 [ -30]
 [ -99]
 [ -76]
 [  37]
 [  37]
 [ -40]
 [  93]
 [  20]
 [ -81]
 [  35]
 [   9]
 [   7]
 [ -66]
 [ -70]
 [  31]
 [  73]
 [ -16]
 [ -38]
 [  48]
 [  99]
 [  76]
 [  98]
 [  -7]
 [  -2]
 [ 111]
 [  74]
 [  -8]
 [  73]
 [  -7]
 [  41]
 [   5]
 [ -92]
 [ -70]
 [-128]
 [  71]
 [  68]
 [  27]
 [-120]
 [ -50]
 [ -80]
 [ -85]
 [-107]
 [ 113]
 [ -57]
 [ -34]
 [ -58]
 [  -8]
 [  66]
 [-107]
 [  32]
 [  -8]
 [ -48]
 [  66]
 [   9]
 [   9]
 [ -88]
 [ 121]
 [  63]
 [-109]
 [-122]
 [ -98]
 [  -3]
 [  85]
 [   9]
 [  28]
 [  27]
 [  42]
 [ -56]
 [ -25]
 [  28]
 [ -69]
 [  57]
 [ 102]
 [ -82]
 [  31]
 [  47]
 [  99]
 [  82]
 [  58]
 [  15]
 [ -81]
 [ -24]
 [ -78]
 [  32]
 [ -69]
 [  37]
 [  27]
 [-101]
 [ -45]
 [ -15]
 [  78]
 [ -53]
 [  48]
 [  34]
 [ -74]
 [ -84]
 [-106]
 [  -5]
 [ -35]
 [ -21]
 [  52]
 [ 110]
 [  93]
 [ 107]
 [ -19]]
Quantization Scale: 0.00931959692388773
Quantized Bias:
[ 0.51568943 -0.41568813  0.10591412 -0.19930649 -0.27331442 -0.05065081
 -0.4022026   0.7830059  -0.74803865  0.530085   -0.22302555  0.77238417
 -0.7555726  -0.10242853  0.9087211  -0.4279029  -0.16223305 -0.75347626
  0.4609144   0.42031085 -0.5163636   0.24954998 -0.55753326 -0.66870826
  0.804936   -0.63548666 -0.3578935  -0.05171217 -0.03796788 -0.3041829
 -0.67208666  0.18787499  0.4619608  -0.13794155 -0.6577305   0.7753506
 -0.793086    0.05244158  0.19528192 -0.60524964  0.4203106  -0.3694679
 -0.498522    0.54350924 -0.16700646  0.20634475  0.5798619   0.61299014
  0.5742512   0.13521248  0.508468   -0.69849193  0.5344508  -0.36606082
 -0.70022285  0.51559293  0.78237796  0.5384561   0.13458513 -0.70952725
 -0.3472322  -0.19899921  0.3898244   0.6925646  -0.26224238 -0.4159667
 -0.8260558   0.6652816  -0.7142702  -0.7089276  -0.7925333  -0.43687105
 -0.6868507  -0.47733808  0.63705796 -0.57483584  0.5788072   0.7706575
 -0.5660906  -0.3023955  -0.7627055  -0.29498842  0.8773564   0.7776106
 -0.34802052 -0.48327598  0.8334497   0.31301486 -0.33928916  0.79827076
 -0.7128025  -0.1358514   0.6291273  -0.17176297 -0.29561278  0.26868045
  0.7945927  -0.49426007 -0.70288485  0.26073658 -0.5841082  -0.44233146
 -0.2576666  -0.48653963  0.47589818  0.22660114  0.36624858  0.5549518
  0.40660745 -0.03578693  0.4458743   0.05061012 -0.17770495 -0.3225368
 -0.7439067   0.0797549   0.63066876 -0.13805991 -0.21323907  0.13518067
  0.43900362 -0.46443522 -0.5963551   0.3286238   0.5983161  -0.6487759
  0.72141415  0.47648624  0.8370328  -0.8827578   0.9280613   0.2169007
 -0.69527227 -0.5550398  -0.6140742   0.42694685 -0.26722607 -0.7277461
 -0.23105493  0.1823616   0.1948478  -0.03441819  0.01085623  0.13601084
  0.19288675  1.0144918   0.2862153   0.4387817  -0.31999385  0.55808496
  0.07549724 -0.49303195  0.21654455 -0.7465387   0.46037146 -0.013095
  0.54854053 -0.33867553 -0.7040263  -0.64198357  0.7664707  -0.46582714
 -0.58494765 -0.5633005  -0.44997483 -0.6069133  -0.36571848  0.7578485
 -0.79271805  0.88054556  0.07663366  0.37253442 -0.69268507 -0.4522829
  0.9125296   0.6105917   0.63275087 -0.06842697 -0.68452036  0.3573095
 -0.0024051   0.83680224 -0.55315006  0.44792378 -0.66992253 -0.48597026
 -0.51648486 -0.22637801  0.7558631   0.55581486  0.3256582   0.87268317]

Layer: embedding.1.weight
Parameters:
[0.9763486  1.1794326  1.0539709  0.9596872  1.0171398  1.0860511
 1.0549618  0.939403   0.9926145  1.0065618  1.0855505  1.0469183
 1.03512    1.0689387  1.0363379  1.0783299  0.9876359  1.014049
 0.95334744 1.0098943  1.0907916  1.0059395  1.3189478  1.0094376
 0.97081083 1.0145746  0.9980863  1.0782918  1.0453293  1.0455827
 1.0470365  1.0381793  0.98612046 0.9522435  1.0070618  0.945278
 1.0351466  1.0155818  1.0955353  1.0577351  0.98113775 1.0589743
 1.1275865  1.0048515  1.048089   1.0446187  1.1218889  1.0958529
 1.1301353  1.0836385  1.0246459  1.0259737  1.0008368  0.9655231
 1.0157409  0.9914461  0.9597849  1.1086214  1.0758493  0.994079
 0.9535302  1.0444372  1.1591939  1.12052    1.0030366  0.9549452
 1.0745412  0.96942365 1.0329647  1.0164642  1.0218433  0.9385015
 1.0226805  1.028615   0.9911359  1.2549459  1.1890965  0.9530968
 1.2682775  1.061895   1.155411   0.9922327  1.0853335  0.9165877
 0.9571748  1.0367966  1.1463004  1.06098    1.0578343  1.1369772
 1.0091876  1.0657394  1.0424544  1.1585064  1.0037485  1.129066
 0.93531716 0.9856752  1.0154917  1.0932795  1.0010619  0.9181757
 1.1013185  0.96313304 1.0593292  1.0023348  1.0260499  0.95526636
 1.0156323  0.9996479  0.9892179  1.1064817  1.0792458  0.9759396
 1.0127407  0.98633087 0.9858233  0.97003084 1.0409293  1.0782728
 1.2103604  1.2052133  1.0515326  0.9951095  1.1812675  0.9932635
 1.1503645  1.1209152  1.1481837  1.2554883  1.0843607  1.0604562
 1.0312546  1.0202847  0.93157697 1.1467868  1.0220928  1.0201465
 1.0245165  1.0112813  1.0007827  1.0367284  1.0388277  1.1095923
 1.0417596  1.1412426  1.2090946  1.184641   1.0231105  0.94110024
 1.014419   1.0066067  0.9902745  0.9935099  1.1428528  0.95549816
 0.95653474 0.9944019  0.9893279  1.2563726  1.1077994  0.91461027
 1.0087808  1.2992572  1.2671255  1.0479761  0.97612953 1.1505833
 1.0119637  1.1055189  1.0565898  1.1126537  1.0153297  1.0456855
 1.17033    1.0813233  0.9947079  1.0803798  0.99888575 1.0018445
 1.0076324  1.1038162  0.9961539  1.1951741  1.0173479  1.0891342
 0.9990919  1.0901371  0.98036927 0.9743199  1.059383   1.0090278 ]

Layer: embedding.1.bias
Parameters:
[-0.02647905  0.06279274  0.05729005  0.03983118 -0.03233312  0.04115188
  0.10571175 -0.06949046  0.00366098 -0.03641088 -0.01332356  0.00168105
 -0.03502752 -0.00035723 -0.00650895  0.09294463  0.0096666   0.04259129
 -0.06181382 -0.055172   -0.07360743 -0.03512837  0.07247555  0.00477351
 -0.0417205  -0.01565799  0.01921367  0.02477789  0.01330261 -0.04023292
 -0.04525451 -0.0203602  -0.06701687 -0.03023156  0.06086945 -0.09120326
 -0.04162624  0.02079689  0.01588235 -0.03747826 -0.02900064  0.14055966
 -0.00383774 -0.03662341  0.01699914 -0.01981914  0.04650255  0.02513717
  0.05603243  0.00456587  0.01737722 -0.00205278 -0.03897631  0.02635127
 -0.00486716 -0.0156812  -0.05100638  0.06612341  0.03244388  0.00548738
  0.08131507  0.01974435  0.06018979  0.0468908  -0.03162094 -0.00227818
 -0.07344001 -0.05768194 -0.04085703 -0.01189486 -0.01720499  0.08709599
 -0.02633693 -0.0280147  -0.02365469  0.10141352  0.09800514 -0.05212068
  0.11653435  0.07282567  0.07456434  0.03833344 -0.01022514 -0.08887091
  0.02399001 -0.03538382  0.07219394  0.03948015 -0.03827406  0.0894518
 -0.01378269 -0.00482125 -0.00213646  0.06958358  0.00724986  0.06867807
 -0.07972997  0.00322785 -0.02274945  0.05692948  0.00479601  0.11531359
  0.06153443  0.0319179   0.01807111 -0.0178795  -0.03469633 -0.07767749
 -0.03791076  0.00575524 -0.02034718  0.01227721  0.0080902   0.02264201
  0.06108366  0.00535401 -0.02049597  0.01078302 -0.03882644  0.00579284
  0.0710922   0.04336995  0.01141531 -0.00587904  0.06623602  0.00876784
  0.07713408  0.03676591  0.05152313  0.03215693 -0.01700373  0.02271886
 -0.02947067 -0.02355924  0.16250114  0.06093052  0.08737128 -0.01990794
 -0.02705966 -0.02430374  0.00104699  0.02865403  0.10825089  0.01319447
 -0.00089045  0.04860158  0.07443869  0.07935857 -0.02555911 -0.09492519
  0.01848502  0.0177143  -0.02366878 -0.00339343  0.04991863  0.00102578
 -0.04315229  0.01468353 -0.00610143  0.11215021  0.02231517  0.10981438
  0.05670322  0.15951626  0.14218558  0.00098977  0.03632947  0.05307766
 -0.01683536  0.02902829  0.01697824  0.04182253 -0.01400516 -0.04366314
  0.07411556  0.03712444 -0.02492331  0.00485605  0.00371773 -0.01398145
 -0.01012085  0.02354048  0.01893374  0.04980446 -0.02486377 -0.07826399
  0.00254929  0.04351334 -0.06705773 -0.05619957 -0.01145536 -0.00598395]

