Layer: positional_encoding
Parameters:
[[ 0.7766525   0.41789058 -0.9638983  ...  1.0550709   0.60871786
   0.15135162]
 [-0.7246757   0.7948564   0.6012247  ... -0.09805898 -0.73124063
  -1.5987122 ]
 [ 2.1630592  -0.8225906  -1.1655443  ... -0.33687094 -0.19764927
   0.3001739 ]
 ...
 [ 0.22816241  0.4481525  -0.02953118 ...  0.15689449 -0.5706141
  -0.3450655 ]
 [ 0.21625707 -0.30914295 -1.647282   ... -1.4622345   0.06032098
   0.7738226 ]
 [-1.346205   -0.37451926 -1.0836688  ...  0.30601206 -0.33367062
   0.5931586 ]]

