0000000000000000
0000000000000000
0000000000000000
0000000000000000
0000000000000000
0000000000000000
0000000000000000
0000000000000000
0000000000000000
0000000000000000
0000000000000000
0000000000000000
1111111111111100
1111111101111100
1111101000101110
1110101110110010
0000000000000000
0110101110110001
1111101000101101
10111111101111011
11111111111111011
100111111111111111
101111111111111111
110111111111111111
111111111111111111
1001000000000000000
1010000000000000000
1011000000000000000
1100000000000000000
1101000000000000000
1110000000000000000
1111000000000000000
