Layer: encoder.1.0.block.1.final_projection._packed_params._packed_params
Quantized Weights:
[[ 15  28 -13 ...  27 -34  37]
 [  8  35 -22 ... -51 -27  41]
 [ 34  48  32 ... -14  34 -21]
 ...
 [ 40  17   8 ...  37  13  28]
 [ 30 -36 -10 ...  36 -26  24]
 [ -6  -2  37 ...   8  -4  47]]
Quantization Scale: 0.002262883121147752
Quantized Bias:
[ 0.07549123 -0.02522886 -0.00138595 -0.03676429 -0.06342691  0.0534337
 -0.0571724  -0.07234504  0.03260194 -0.05175218 -0.00870806 -0.03751511
 -0.01925694 -0.02369638 -0.03114015  0.0322253   0.03257291 -0.02255896
 -0.01066751  0.00423423 -0.017578    0.05353688  0.07078914 -0.02876136
 -0.02749603 -0.01072433 -0.02853289 -0.04755257 -0.02211864  0.0287916
  0.05348422 -0.03426636 -0.04737426 -0.00957533 -0.03875592  0.03545309
 -0.02228948  0.01130813 -0.03878492  0.01344995  0.03360134  0.05799519
  0.03212091  0.05164014  0.05905997  0.03426919 -0.05014931 -0.05594945
 -0.0476322   0.04988211  0.03964256  0.06026408 -0.01821532 -0.03957184
 -0.07196341 -0.01293803 -0.02871907 -0.01787837 -0.02513173 -0.0682655
  0.05673205 -0.00828349 -0.0515937   0.05373018  0.04907651 -0.05915705
 -0.00636545 -0.01220714  0.03994415  0.03157636 -0.08146564 -0.00924666
 -0.0268459  -0.0414551  -0.0112859  -0.02958221 -0.01681151 -0.04828176
  0.05641863 -0.00237368 -0.04511689 -0.06626274 -0.04187036  0.05813833
 -0.00712828  0.00184302 -0.00815477  0.04904611  0.04081824  0.05829689
  0.04851108 -0.03924095 -0.04569928  0.00660587  0.03285467  0.04042221
 -0.06836815  0.04321691  0.00107182 -0.05859316  0.04610128  0.05238502
  0.06116988 -0.0287472   0.0035071   0.05933134 -0.07315599  0.00136061
 -0.02932951  0.04687017 -0.0223618  -0.01498857 -0.02071071  0.01733034
  0.02337297  0.01504591 -0.02933089  0.04376851  0.01946616 -0.03972423
 -0.0264265  -0.03412581 -0.02055062  0.05679512  0.02071995 -0.01104776
  0.01888932  0.04488947 -0.00689303  0.00259134 -0.00169654  0.04925627
 -0.01611676  0.01677775 -0.0703008  -0.01954746  0.00638212 -0.0262558
  0.04298294  0.04099803  0.01308448  0.01208484 -0.03868661  0.07576739
 -0.01173814 -0.01876446 -0.02411013  0.05580672 -0.06412794 -0.03505667
  0.02996549 -0.04499252  0.04152324  0.0669061   0.01545998  0.04228808
 -0.03695077 -0.06518532  0.04397909  0.02572901 -0.05214643  0.06145165
  0.04524999  0.00369127  0.0466873   0.04697931 -0.03335727  0.07379747
  0.06576993 -0.0026956   0.06247917 -0.06729024  0.04002837  0.055084
  0.01353108 -0.03986082 -0.05080031  0.0541859  -0.041209    0.02642971
 -0.04802524  0.03444386  0.03516506 -0.08182263  0.00625661 -0.04966771
 -0.05885065 -0.00897115  0.01110257  0.02977914  0.01552876  0.05410701]

