Layer: encoder.1.0.block.1.values_projection._packed_params._packed_params
Quantized Weights:
[[-44 -11  54 ...  -4  27 -11]
 [-42 -33  16 ...  -5 -57   3]
 [ 11 -19 -40 ... -20 -28   4]
 ...
 [-30 -19  29 ...  27  59  24]
 [ -9 -38  16 ... -41 -52 -14]
 [ 11  48 -11 ...   7  48   6]]
Quantization Scale: 0.0021801635157316923
Quantized Bias:
[-0.05577114 -0.01031627  0.07530471  0.06913061 -0.03150048  0.04557143
 -0.04412432 -0.02844543  0.06141638 -0.05034724  0.05946159  0.00291622
 -0.00715148  0.07901268 -0.0030334   0.02545648 -0.07033118  0.00973683
 -0.0613563  -0.00026373 -0.03321755 -0.06903931  0.02119876 -0.04345443
 -0.02848659  0.04704555  0.04377685  0.08264925  0.05006932 -0.04853063
  0.03092445 -0.0815905   0.05718331  0.0012882   0.04554375  0.03999497
  0.01756221  0.06398069 -0.0280046  -0.04903924  0.0065955  -0.05998324
 -0.00639244 -0.02559923 -0.04719745  0.01088092 -0.02131789  0.02611917
  0.06391453 -0.02602945 -0.00256212 -0.02343345  0.05376928  0.00541538
 -0.02917129  0.07515401 -0.072811    0.01376076  0.00443774 -0.04086478
  0.02727483 -0.04915816 -0.03939956  0.02351202 -0.05733783 -0.01365751
  0.06696072 -0.03970205  0.07049515 -0.03061474 -0.00756647 -0.06263623
 -0.02774108 -0.00601066  0.04960267  0.00654724  0.07044835 -0.01043943
  0.03122569 -0.06490852 -0.02569872  0.03291423  0.02778169 -0.00927338
  0.05176517  0.01299414 -0.07129016 -0.05852677 -0.04910282  0.01068451
 -0.00133338  0.06580552  0.00284745  0.03668014 -0.00448871  0.04701837
 -0.05067368  0.04062125 -0.00986474  0.05612105 -0.0363495  -0.04456379
 -0.0184444  -0.00803321 -0.05293782  0.05605851  0.04267948 -0.0382777
 -0.05771506 -0.04127798  0.0688293   0.02977791  0.06335375 -0.01435458
 -0.00653653 -0.03264882  0.0248925   0.05018976 -0.0120247  -0.01435559
  0.05238111 -0.03897761 -0.02470206  0.05037539 -0.04399991  0.01353422
 -0.03290111 -0.01379427  0.03092954 -0.0742779   0.06197518 -0.01945501
 -0.02882161 -0.02883552  0.01104627  0.06577311  0.03323508 -0.05715611
 -0.04174284 -0.01901959  0.04664815 -0.07281737 -0.01425654 -0.01611378
  0.02666361  0.00354671 -0.04470384  0.04081796 -0.04186474  0.06222514
 -0.03804495 -0.03369587 -0.07088654  0.01057503 -0.04229153 -0.06741165
  0.06211665 -0.06334382 -0.05443903 -0.02547605 -0.00146968  0.053989
 -0.07830171  0.04316611  0.00611847  0.03534134 -0.01692961 -0.02039351
  0.01937629 -0.04600822 -0.06611735 -0.02029317  0.04979815 -0.06856406
  0.06132976  0.03654789 -0.06176662  0.0672376   0.00735331  0.01734199
  0.02912296  0.0665736   0.00550619 -0.05348886  0.01779171  0.04929744
 -0.01660868  0.00380611 -0.04288734  0.01745179  0.04843478 -0.05311256]

