Layer: encoder.1.1.block.0.weight
Parameters:
[0.99368393 0.9714061  0.95925045 1.0000794  0.9654334  0.98821867
 1.0191983  1.026241   0.9957764  0.9648898  0.96156085 1.057216
 1.0028014  1.0241185  0.9844806  0.95211935 0.9181075  1.0075018
 0.9892329  0.99206865 0.9717275  0.99624574 0.96106756 0.9772585
 0.995315   0.99134445 1.0106949  0.9916741  1.0318348  0.93307817
 0.9890142  0.9947108  0.94097227 0.9994173  0.99318016 0.9795863
 0.99826586 0.96196777 1.0081884  1.0188135  0.9757441  1.0089201
 0.97304356 1.0271407  0.9558695  0.966295   0.99447227 0.9812063
 0.994738   1.0281456  0.96312404 0.98739296 0.96147484 0.9777623
 0.98657966 0.9811519  1.0167067  0.9658595  1.002747   1.0019554
 1.0021197  0.96534556 0.98681366 0.9906418  1.0174862  0.9818092
 1.0886087  0.97758985 0.9649597  1.0003139  0.9981467  0.93461263
 0.976586   1.0102574  1.0004507  0.97164613 0.9810191  0.9806571
 1.0277456  0.9829559  0.9631679  1.0074903  1.0407275  0.9862691
 0.98526025 0.9444707  0.9827626  0.9778435  0.97678506 0.9743789
 0.96845156 0.97718006 0.98512006 1.0019404  0.90030885 0.9584568
 0.9774031  1.0164789  0.9708127  1.0046881  1.0299991  0.9569755
 0.98275954 0.96022004 0.99929047 0.9665901  0.9801675  1.0011003
 0.99032223 1.0057487  1.006713   0.9950927  0.9702116  0.97238266
 0.97248715 0.97828555 1.0173268  0.9145113  0.98071814 0.9718762
 1.0214343  0.9697678  0.9520849  0.98682725 0.96481425 0.9991703
 0.97183937 1.0061451  0.98056036 0.9610218  0.96771634 0.95948315
 1.0386828  0.99731773 0.99217486 0.9529797  1.0113229  0.9895514
 0.9858008  0.98748255 0.9517957  1.0136873  0.9431617  0.9479955
 0.9464857  0.99081093 1.0352776  0.97741866 0.98806363 1.0239784
 0.972831   0.9582481  0.98575425 1.0119139  1.019394   0.97948813
 0.9401304  0.95963854 1.0129706  0.98247164 1.0256981  0.8708764
 0.9737877  0.9817789  0.95680666 1.0063934  0.9706972  1.0129893
 0.9885963  0.9546674  0.9714328  0.9900699  1.0310335  1.004909
 1.0026746  0.956962   0.97421676 0.9476972  1.0103924  0.97603834
 1.0082151  0.93998367 0.9876174  1.008865   0.9767454  0.97718287
 0.9798802  0.9865795  1.0074723  1.0061388  0.99229306 1.0012164 ]

