Layer: encoder.1.1.block.1.2._packed_params._packed_params
Quantized Weights:
[[  4  26  -2 ...  13  17  15]
 [ 13  65  59 ...  -4  20 -13]
 [-27  -8 -77 ... -18 -32 -20]
 ...
 [  9 -31  11 ...  10  16  11]
 [  2  -4  18 ... -11 -16  -1]
 [ 53 -14 -27 ...  -2  25 -34]]
Quantization Scale: 0.0010019170586019754
Quantized Bias:
[-0.02570039  0.01741925  0.02368656 -0.00333861 -0.02393842  0.00925037
  0.01009216 -0.00199195  0.02205971 -0.0300596   0.02605105  0.01885317
  0.01658957 -0.03402688 -0.04077565 -0.01763076 -0.0382938  -0.00837124
  0.01961117 -0.00048735  0.02368881 -0.00717742  0.0141393   0.01326118
 -0.02824023  0.01238983 -0.00303789  0.02852492  0.01456033 -0.03114001
  0.00675289  0.00352311 -0.02156915 -0.04711094  0.00454932 -0.06489694
  0.02841688 -0.02164783 -0.00568427  0.03626923  0.01412621 -0.01733653
 -0.00147895  0.0083624   0.02158194 -0.01069192 -0.02876944  0.01834138
 -0.0137374  -0.01243105  0.02790406 -0.03478218 -0.02250373  0.04660381
  0.02137788  0.03399139  0.01302109 -0.0329171   0.02511105  0.02521491
  0.02697749 -0.03581838 -0.01126951  0.02405285  0.01188016 -0.00845072
  0.03437578 -0.03502646 -0.01485736  0.01221807 -0.02939724  0.02537568
 -0.00688433  0.00949367  0.00196981 -0.02715101  0.02878889  0.00797189
 -0.02136559  0.00817632  0.01858984  0.01523622 -0.05335087  0.03172276
  0.01964753  0.03281992 -0.05114314  0.00940918 -0.01910033 -0.01842361
  0.01388555  0.00066139 -0.00965638 -0.01937269  0.01624496  0.00825448
 -0.02233199  0.00196602  0.01254187 -0.01051659 -0.00886575  0.02628654
  0.01732208 -0.02994912  0.00915779  0.02504837 -0.00933935  0.00404109
 -0.03352443 -0.00359713  0.0228823   0.0218333   0.03432281  0.01474487
  0.02081482  0.02319634 -0.03242349 -0.0120566   0.00965923 -0.00567853
  0.00162349  0.01433276 -0.02613926 -0.00808787 -0.0068773  -0.01823521
 -0.03651631 -0.03504844 -0.03275288  0.02220656  0.02980976 -0.01448504
  0.03049162  0.0101794   0.01979601  0.00513544  0.02725007 -0.00379547
  0.01175126  0.01137235  0.03131504  0.00786295  0.00283629 -0.01051304
  0.03532785  0.00574265  0.03053916 -0.05064408 -0.02666733 -0.05000671
 -0.01051709 -0.0098639  -0.02450614 -0.02301248  0.02832936 -0.0225601
 -0.0232752   0.02201393 -0.03202898  0.02240937 -0.02689365  0.00011377
 -0.02634818  0.00112416  0.00120986  0.04761794  0.00475562  0.01865381
  0.04443464  0.00887483  0.02925939 -0.03512177  0.00089211  0.03413806
 -0.01575912  0.02293299 -0.02441713  0.00023745 -0.0423234  -0.00812207
  0.0082065  -0.01085761  0.00485167 -0.02735721  0.03307571  0.03831431
 -0.02903851 -0.02269759 -0.05122684 -0.01517432 -0.00911428 -0.03680051]

