Layer: encoder.1.0.block.1.keys_projection._packed_params._packed_params
Quantized Weights:
[[  2  11 -17 ... -13  13  18]
 [-55 -32   8 ... -24  37  12]
 [  8 -15  19 ... -36  -4  33]
 ...
 [ 49 -38 -27 ...  -2  10 -11]
 [ 14  27 -21 ... -37 -29  15]
 [-46 -11  21 ... -24 -28 -42]]
Quantization Scale: 0.001982869580388069
Quantized Bias:
[-0.03871104  0.01588719  0.07031896 -0.02849058 -0.06497171  0.00072971
 -0.0129317   0.06948239  0.0094466  -0.03033939  0.0425927   0.00027636
 -0.00423732 -0.00028674 -0.01281552  0.02523925  0.00748899  0.06640361
 -0.03290689  0.08604424 -0.00413686 -0.02652257 -0.01203881  0.02860047
 -0.06412216 -0.064948    0.04131334 -0.0056249  -0.01964944 -0.0689064
  0.04781819 -0.05701143  0.01369504  0.0706013  -0.07105449 -0.04912185
 -0.00515952  0.07100033 -0.05629749  0.01942884  0.01233627 -0.00767594
  0.03430899 -0.0160363  -0.02867357 -0.05154425  0.00323241 -0.06695221
 -0.01411769 -0.04927761 -0.04797523 -0.00700982  0.05146573  0.06511086
  0.08376146  0.07066045 -0.07280712  0.03782853 -0.04594376 -0.06313419
 -0.01835119 -0.02032129  0.05056553  0.03300421  0.0342662  -0.03251901
 -0.04060439  0.010625   -0.03211339 -0.0152822   0.05708913 -0.04258751
 -0.06532056  0.01721015 -0.02546378 -0.07420658  0.04529428 -0.04868618
 -0.06519315 -0.0257011  -0.0638643  -0.02026601  0.00801078 -0.05096917
 -0.01687301 -0.01241551  0.04601883  0.03977618 -0.01368449 -0.01667998
  0.02691507 -0.00280856 -0.0002688  -0.04929347 -0.06554662 -0.04054565
  0.00146067  0.06018336  0.03170773  0.04015763 -0.02550406  0.08150332
  0.03829682 -0.01715403  0.03298495  0.08041944  0.03630852 -0.02050094
  0.00983439  0.02999274 -0.03447268  0.05674066  0.03295427  0.02843099
  0.02223719 -0.01187003  0.06576895 -0.04085514  0.00088681  0.04618528
  0.03969335  0.05219194 -0.04866269 -0.04774754  0.05546862  0.04841736
 -0.05022351  0.00611202 -0.04448718 -0.04162169 -0.04183596  0.062014
  0.06720458  0.05583603  0.06460439 -0.06409344 -0.05745259 -0.03867303
  0.05256027  0.03014671  0.07464132 -0.00697964 -0.03332679 -0.04260995
 -0.05639048 -0.00651337  0.00684421  0.06333144 -0.03485228  0.03404112
  0.00228404 -0.05577566 -0.05630165  0.02328922 -0.01487193 -0.06987458
 -0.06397093 -0.01882269 -0.07341947  0.0625897  -0.04329453 -0.05265282
 -0.01242841  0.02548865 -0.04383916 -0.00483379  0.05081597  0.04653218
  0.00303031 -0.07029708 -0.01300851 -0.00370461  0.0380441   0.04795425
  0.03752652 -0.06375732  0.01794834  0.01848798  0.04538192 -0.03275133
  0.04701598  0.00158123  0.05234674 -0.0038552  -0.03240157 -0.04319508
  0.02196519 -0.01487199  0.03367838 -0.02432278 -0.041334    0.01182336]

