Layer: encoder.1.0.block.0.weight
Parameters:
[1.016091   1.0230587  0.98262763 1.0038915  1.0580748  0.9973693
 1.0264728  1.011964   1.0097836  1.0004264  1.0069807  1.0386895
 1.0113709  1.0274562  1.033793   1.0314572  1.0733564  1.0083076
 0.9813345  1.026545   1.0170798  1.0316166  1.0424123  1.0060902
 1.0115886  1.0042484  1.0109813  1.0697297  0.9836747  1.0320042
 1.0239486  1.053118   0.99963576 1.0432817  1.0123152  1.0267644
 1.0512875  1.0078992  1.0205169  1.0160154  1.0131574  0.9689976
 1.0056347  1.0217441  1.0384539  1.0266758  0.99134004 1.0170672
 1.0294268  1.0620892  1.0289341  1.0332308  1.0093229  1.0363225
 1.0138222  1.0070786  1.0193037  1.0709796  1.0433985  1.0243038
 1.0261986  1.0820849  1.0373547  1.0362465  1.0668942  1.0126607
 1.0231639  0.9810409  1.0261556  1.0303893  1.0018048  1.0526028
 1.0156804  0.9959111  1.0095919  1.0216575  1.0841637  1.0062155
 1.0342098  1.0534006  1.0193496  0.9936526  1.0153592  1.0440997
 1.0102818  1.0113524  1.1300813  1.0216721  1.0186846  1.0269886
 0.9954866  1.0261714  1.0032552  0.9939719  1.0162671  1.0468892
 1.0048554  1.0180395  1.0042863  1.0169531  1.0243367  1.0135454
 1.0373685  1.0354323  1.0450385  1.0779727  1.048473   1.024022
 1.0112152  1.0181143  0.98755175 1.0594598  1.0301547  1.0117275
 1.0392244  1.0131928  1.0485133  1.001029   1.0135466  0.99089533
 1.0728256  1.011436   1.0321513  1.0227184  1.069472   1.0363755
 1.0500246  1.0234976  1.0362426  1.0109746  1.0441391  1.0424414
 0.9941581  1.0456235  1.0169357  1.0465088  1.0282083  1.0207855
 1.007451   1.0244365  1.0216944  1.0300586  1.0334113  1.0506982
 1.0406271  1.0414546  1.0364774  1.0162348  1.0004174  1.0511968
 1.0222361  1.0560167  1.0207963  1.002231   1.0628619  0.995702
 1.0324248  1.0551629  1.0035038  1.0345954  1.0232661  0.9961961
 1.0263808  1.0202134  1.041223   1.0258502  1.0063996  1.0738941
 1.0398304  0.9889241  1.038765   1.036837   1.0002377  0.9850314
 1.0198652  1.0287858  0.99360937 1.054895   1.0264736  1.0427818
 1.0553811  1.0232702  1.0739607  1.0567261  1.015929   0.99352515
 0.98233306 0.9784789  1.022335   1.0236422  1.0577109  1.0401114 ]

