-1.22932744e+00
-9.23925221e-01
-1.05935967e+00
1.35926783e+00
1.06773233e+00
9.59946215e-02
7.99150765e-01
8.12688231e-01
-1.81144130e+00
8.97777677e-01
-7.32185185e-01
-7.19616786e-02
1.04087245e+00
2.02208757e-01
-7.66371012e-01
4.44200151e-02
7.75605857e-01
-1.82696935e-02
1.36089969e+00
2.06775963e-01
1.11389148e+00
-1.55837202e+00
-4.70417023e-01
2.33110011e-01
8.01184773e-01
4.51517493e-01
1.04551172e+00
-3.76181751e-01
6.56792104e-01
-3.78785133e-01
-5.63710272e-01
1.29381585e+00
4.37803149e-01
-3.15770924e-01
-1.58641613e+00
-8.98495913e-01
4.13386971e-01
-1.65692568e+00
-1.64624417e+00
1.85969681e-01
1.21093619e+00
4.93509859e-01
-4.94469196e-01
1.16285890e-01
2.49774799e-01
3.09930858e-03
-1.07448316e+00
8.19145679e-01
6.15949035e-01
8.02239552e-02
-7.92209804e-01
1.19409704e+00
-7.04320014e-01
-4.18969125e-01
8.93844441e-02
1.13218677e+00
-9.42539126e-02
1.33308184e+00
1.84779659e-01
-5.38070321e-01
-1.47235048e+00
-5.16374230e-01
1.15220094e+00
-1.34261513e+00
