1011011010010000
0011001111011000
1011010110011101
1011010110000011
1011011010011001
1011000010011110
0011001000111111
0011010010111101
0011010111001010
0011001100111001
0010111000010101
0010100110111111
0011001010011100
1011011001010001
0011001010110101
1010101010101001
0001000010111001
0010110010010100
0011010101101001
1011010111000111
0011011010101011
0001100000101111
1011011001100101
1010010000101111
1011000011101111
1010010011000100
1011001101000000
0011011001111001
1011000100100100
1011011100110001
0011010110111010
0011000111101110
1011010111001100
1011011011110111
1011000110100100
0010110111101000
1011000010111010
1011010010001011
0011010101111000
1011011000001101
1010110110101101
0010111001010000
0011011100110100
1011011100010101
0010111010100110
0011010111001111
1011001101110100
0011010101010000
0011010101100000
1011000001000001
1011000101001101
0011001001001000
0011000100100100
1011100001000110
0011001110100001
0011001111111100
1011011001111011
1011000010101100
0011011101000001
1011000001110000
1010110011000110
0010101010011011
1011010001011001
1011011100010010
1011010101100000
0010110100000100
1010110000000101
1011010110100101
0011000000101000
0011011000011111
1011001010100100
1010110010010011
1010110111010000
0010111110010000
0011001111011111
1011011001010000
1011011110001010
1011000111101000
1011100001101001
1011010101100101
1011001010110000
1011010100111110
1011001110111001
1011010000001110
0011100001101010
0011001001001000
1011000000011101
1011011001010011
0010110110001110
1010111101100001
1010110110110000
1010111011001111
0011010110010101
0011010101001000
1011010101011001
1010110001010001
1010101001000011
0011000101000011
0011011010001001
1011000011101101
1010101001101110
1011100001001100
1011010111110001
0010010011111001
0010111101011111
0011100011000110
0011010011010011
1011010010111001
1010110100111010
0010111101111111
0011011010010101
0011011100100110
0010110011000111
1010110000011100
0011001111100100
1011001111011011
1010011101001101
0010011000101000
0011000111001011
1011010010101001
1011011100110010
1010100001111010
0011010000111111
0011010000101110
0011001111010100
0011010011100110
0011001110100011
1011011000011111
1010110011011011
1010111100101111
0011010110111111
0010100001001100
1010101000010101
0011010001001000
0010111011011011
0010110111100101
1011000000111110
1011000101011011
1011000001100100
1011011000101110
1011010000001110
0011100000010010
1011010111001111
0011000010010001
1011010000101001
0011011000011100
1011011111010100
1011011010101100
1010010110110111
0001111001011110
1011011011110100
1011010101001100
0011100010010011
1010110101010100
0011000111101110
1011010001100000
0011001100000011
0010100010000001
1010111101001010
1010110100011101
0011000101011111
0001110100101111
1011010100011100
0011010000111101
0011011101001101
0011010010000011
0011010001100011
1011010110110101
0011010100001100
1011011110010010
1011011110011101
1010011010100110
1011010001011101
0011011010110011
1010111101001000
0010010010100000
0010011011010000
0001111100101000
0011000110111000
0010001010111101
1011010000001001
0010111110000111
0010111110001010
0010111001111011
0011011011011111
1010110000010011
0010110011010101
1011010010101111
1011000010011010
1011001110110111
1010100110000110
0011000100010000
