0.83848345
0.87292236
0.86139131
0.95570719
0.90885007
0.93960786
0.97069609
0.96099257
0.86257994
0.89798999
0.87559819
0.97334099
0.89087713
0.91716880
0.87361968
0.90560406
0.87759805
0.94170594
0.95880097
0.92464304
0.93765700
0.89778250
0.89719445
0.88553137
0.82160735
0.89970654
0.92752618
0.85981244
0.86218899
0.87101555
0.93068719
0.86256909
0.92845207
0.85413861
0.88147503
0.94596153
0.93314755
0.87150860
0.87881243
0.87762493
0.87817502
0.86227226
0.87241048
0.93481219
0.91264105
0.87827998
0.87183791
0.87214965
1.01080251
0.83991677
0.83591837
0.91528654
0.87699813
0.91880661
0.87588841
0.85924125
0.89110643
0.89441693
0.85941792
0.94040811
0.90974194
0.92369354
0.90289915
0.95848447
0.92523968
0.90939689
0.93079644
0.92519403
0.93534523
0.93704057
0.99147385
0.92121464
0.85489643
0.90981215
0.93469107
0.87706918
0.88644677
0.89917690
0.94957602
0.91438991
0.88472700
0.94915038
0.93830383
0.89317691
0.91831285
0.93330514
0.94712293
0.92399406
0.86915588
0.83879292
0.91968292
0.89322782
0.87804502
0.88636643
0.93040198
0.89615142
0.84368759
0.89463699
0.91364735
0.85730863
0.91710538
0.85006201
0.95853865
0.86012596
0.92814541
0.93128067
0.93006641
0.94056213
0.93684524
0.90158278
0.91098475
0.93687487
0.92048568
0.90381747
0.90013313
0.87862730
0.94711816
0.93330216
0.95337850
0.91309565
0.86037976
0.93434602
0.85870814
0.91288459
0.84583676
0.91732025
0.89705545
0.88164443
0.90703696
0.85104877
0.91000640
0.93979067
0.90741277
0.87649614
0.92595989
0.85217273
0.87497699
0.89423853
0.90655619
0.86222529
0.88602179
0.87619764
0.92681187
0.85499144
0.91607332
0.94666201
0.90270501
0.90405989
0.95093453
0.92597669
0.87898976
0.85112619
0.87357396
0.91534871
0.86711526
0.85268629
0.94554603
0.85955930
0.84480435
0.91896123
0.92419386
0.87984717
0.94006991
0.88276440
0.87797713
0.88352615
0.92709583
0.96604663
0.93418717
0.95085287
0.94524771
0.92903435
0.93594682
0.89907491
0.86386007
0.86670774
0.93741804
0.93205822
0.85718828
0.92795599
0.95986402
0.96400338
0.92532575
0.85692900
0.91474575
0.93710637
0.93928856
0.88328314
0.93991804
0.88018382
0.89391643
0.87499708
