1001001000000101
1010011001001110
1010100100111011
0010000010011110
1010100010011110
0010101100001111
1010010001101110
0010100011110011
1010000110101111
0010011001100000
1010100000010100
0010100001000101
1010100010101101
1001100011010110
0010010000101011
1001101110000001
1010010100001110
1001111111010111
0010101001100110
0010100110011011
1010100000010000
0010011100010010
1010000001010100
0001110001100000
1010011100001110
0010001101001111
1010011101000001
0010010010000011
0010100000111100
0010010100100011
1010010010011111
0010011011000101
0010010111111110
1001100101010101
0001010010001110
0010100110110000
1010010000010101
1010101100111111
1010010100110000
1010001000110000
1010010100100000
1010001011000110
0010010000110001
0010100000011100
1010011001100000
0001111101111010
0010010001010101
0001110010111001
0010100010010111
0010100000111100
1010100001111000
0010010000000001
0010100000100110
1010000010100010
0001111010110000
0001110010110011
0010010010011101
1010100101000101
1010000011111110
1001101010110100
1010010001100001
1001011010010010
1010110010100100
0010010010101100
1010010001100010
0010100101001101
1010100000000011
1010001110010011
1010101001011110
1010011000111111
1010101001110100
1010011101000100
1010001010110001
1010001010111011
0010010101000100
0010011100010001
1010010101101100
0000111001101111
1010010100100011
0010001011101100
1010010001000011
1010011010000111
0010000011111101
0010100111100110
1010100101110101
1010001001110010
1000110111111000
1010010001100011
0010010000111001
1010010101111111
1010100101000111
0001011100011101
1010101010101010
0010011010001011
1010010010100100
0010010000000010
0010001101111110
1010011001001111
1010011110001000
1010011001111110
1001110110000100
1001110110110001
1010011111001101
1001100010110010
0010011110000011
0010101011011111
0010100100110010
0001100000111101
0010000000110000
1010010010100110
0010010010011100
1010011000001101
1001011000000101
1010100111101001
1000110011101101
1010010001011100
0010100001010000
0010100011110010
1010011101101011
0010100111011101
0010000000011010
0010001100001101
1010100100011010
0010010101001101
1010100110000110
1010100011101010
0010011100100101
1010000011011111
1010100000100011
1010100101000101
0010001001101001
1010101110101110
1010001101110011
1010010001010010
0010100011011011
1010011001010010
0010010101101101
0010011001110101
1010011100000001
0010000000100111
1010011010000011
1010010001010010
1001111111001111
0010101001100001
1010010010011000
0000111111100110
0010010010010100
0010011011100111
1010010100101010
1010010110100111
1010001101000110
0010011010100110
1010001001011001
0010000101000011
1010000010000100
0010011011000000
1010010000000011
1010010111001011
0010010100010101
1010100110101111
0001110001101110
0010011011010110
1010000100010010
1010100001110000
1010011110110001
1001100111111001
0001000100001010
1010011111000111
1010010010011001
0001110101011011
1010010001100010
0001111110110101
1010011101101000
1010000000110111
1010001101011101
0010000011001100
1010001001000100
1010001111101000
0010011101011111
0010010011011111
1010010011100000
1001110101100111
1010010000001111
0010011011101111
0010010010001000
1010101100110110
1010011001101101
1010000010000001
0010011000011101
0010010100101100
1001010000101010
1010011101110111
