0011100111100111
1010011001010110
1011111000011110
1011110001110110
0011011101100111
1011011011001000
0011100111111111
0011111100010111
0011111001001010
1010100110011111
0011100100111000
0011100100101001
1011111000110110
0011100000100111
1011110111000100
1011101101000101
0011110001000010
1011100001011100
1011010001011011
0011100111000100
0011011001111011
1100000010101000
1011010100111001
1011010011001000
1011101111001101
1011111011111110
1011100000100001
0011011110011001
0011100010101011
0011010001100000
1011100101001110
0010100000111000
0011001000100101
1011111110111010
0100000100110111
1011011101000000
1011110111110111
1011101111101111
1100000001111101
0011010101000001
1011011100001101
1011111011000011
1011100011001010
1011101010000101
0011101001111010
0011110110110110
0100000000001000
1011110110010010
0011101000011111
0011111101000100
0011110101111001
0011001100110001
1011010101100010
0011010011100011
1011110110011011
0011101111010001
0011001100011010
0011100111100001
0100000001101010
0011101111110100
1011110000011000
1010010001010101
0011010111100110
0011110110001111
0011011111101011
1011101100101110
0011000101101101
0011010000110100
1011111100010010
0011110001100011
0011100111010101
0010100001000010
0010110111110010
0010100001000010
0011101000101111
0011101001010101
0011110100010110
0011100100111101
1011111110010111
1011100001000111
1011111101000001
1010010111101000
1011010001011010
1010110111100111
0011110111011001
1100000011110011
0100000000110000
0100001001110011
1011011111010101
0011010011111010
0011011000101110
1011110101010000
0011100010010111
0011100001100111
0011101111110010
1011000010110010
0010111111010001
0011110011111001
0011111001000001
0011101100100001
0011101111101101
1011100010000011
1100000100101011
0011010011000001
0011110100100011
0100000000101001
1011110010101010
0011101010110110
0011101110111010
1011100011011111
0001111010110011
0011110110101000
1011101110010010
1011110010010010
1011100110100001
0011110110000000
0011010000101100
1011011011000110
1001110001010110
1011000111010110
0011111010011100
0011110011110111
1010110110010010
1010000111000101
0010110101100011
0011110000011010
0011111000100011
1011011110111000
0011110011100001
1011011001101100
0011011110001100
1011101100111110
0011011110111100
1011110001010000
1011010010110010
1011101101000100
0100001000101101
0011110101001000
0011100110110011
0010100010111010
1011001011111001
0011111000000010
1100000000010011
0100000000001001
1010101011001111
1011000101010010
0010101110010010
0011110011101010
1011010101000010
1011110011111111
1100000011000001
1011101000010000
0010111100000100
0011110010110010
1011111010101100
1011111101010010
0011000111110000
1011001111000010
1011011010111010
0011100000000110
1100000001010001
1011111011111001
1011101010111100
1011110001000101
1011001110011100
1011101110101001
1011101111111000
0011110111101010
1011100011010001
1011111010001010
1011111011101000
0011001010100100
0011111100011001
1011110000110111
0011000000010010
0011110100100011
1011010111101010
0011110001001011
1011101001011101
1010110011010010
1100000001111011
0011111011000111
1011001000010101
0011110010101011
1010101100010000
0011101001000111
1011101101100101
1011110001110011
1011000010000110
0011110100010111
0011000110110010
1011100101110110
1011100100001100
0011110110111110
1011110010101110
1011100010001010
0011011000001110
0011110111100010
0011110011000110
1011101111011010
1011101100001111
1011010110000101
1011110110101101
0011011101000110
1011110011110111
0010100000011110
1010110101100101
0011110000111001
1011100110010001
1011000101000111
0011111111110100
1011111110011010
0011100011011010
1011110001001101
0011101111111111
1010100101101110
1011110110100001
0011111000111110
1011110110110110
0011100111101111
1011101001101000
0011100001110111
1011101001001110
0011110011010011
1011101100001010
1011101110101100
1011101000101110
0011110001101111
1011111011010110
0011001110001101
0011110100101000
1011101100110101
1010111000000001
0011110010111010
1011100011001011
1011111000111010
0011101101100110
0011111110101010
1011110011111100
1011111001010000
0100000000010100
0100000111100011
1100000000111011
0011111001001001
1011100000011100
0011000111100101
0011110101100001
0011011110011010
0011101110001001
0011110111110101
1011011110100110
1011101000100000
0011111000110010
1011010011100110
0011111010011001
0011100110101001
