-0.00364459
-0.00658805
-0.01198597
-0.00249726
-0.00999237
-0.01429107
0.01756742
-0.01618799
0.00319857
0.01405579
-0.00598090
-0.01777636
-0.00104768
-0.02111476
-0.00069671
-0.00274204
-0.01917788
-0.00685254
0.01484782
0.01589538
0.01100502
0.00568781
-0.00695633
0.00593408
-0.01036668
-0.01344354
0.00386903
-0.03031675
0.01340150
0.00058541
0.01119902
0.00805111
0.00248584
-0.01874541
0.02125533
0.00592710
0.01101704
0.00141851
0.00151756
0.01550468
-0.00859120
-0.01648609
0.02214350
0.00510685
-0.03170748
0.02057238
-0.02269462
0.01097823
-0.00695929
0.00272567
0.02342335
0.01337557
0.00910660
-0.00137118
-0.01586162
0.02041963
0.00222547
-0.00716011
0.00075766
0.01208991
0.00991603
-0.00953570
-0.00235615
-0.00578543
-0.00118883
-0.01313641
0.01267857
0.00193962
0.02374008
-0.00326423
-0.01483638
-0.00697391
-0.01761912
-0.01835108
0.00270365
0.00277289
-0.00763641
-0.00925610
-0.01895353
0.00805069
0.01174639
0.01192452
-0.03188849
-0.00744550
0.00973016
-0.01323208
-0.01412510
0.02175719
-0.01057342
0.00350747
-0.03273189
-0.00723856
0.02020390
-0.01097714
0.01511517
0.00254502
-0.00041520
-0.01060297
0.00619869
-0.01347105
-0.02683437
-0.01671000
0.00166584
-0.01341357
0.01397942
0.02417727
0.00616607
-0.00748730
0.01703604
-0.00789631
-0.00073729
0.02239491
-0.00170115
0.01168518
0.02220171
-0.02000718
0.01061828
-0.01762147
0.00633197
0.02033204
-0.01721798
-0.00544987
-0.01061525
0.00648706
-0.02285472
0.00549212
0.00542720
-0.02947458
-0.02272348
-0.00288472
-0.00969294
-0.00580186
-0.00542114
-0.00996348
0.01988697
-0.01079196
-0.01330927
-0.00962277
-0.00870956
-0.01825266
0.00447294
-0.00586490
0.01625752
-0.01697563
-0.00185175
-0.04063014
-0.00822442
0.01841974
-0.00408261
-0.00691018
-0.02217268
-0.00636094
0.02612571
-0.00915809
0.00202420
-0.00183038
-0.01493574
-0.02771164
-0.00228224
-0.00271357
-0.00685651
-0.00947928
0.00507004
-0.01953806
-0.02447566
0.01333563
-0.01296576
0.00177172
0.02453854
-0.00033361
0.02697270
-0.00065365
0.01475492
0.00182342
0.00776485
0.00772961
-0.01372493
0.00428515
0.00245332
0.01088023
0.00502555
0.02140406
0.00211535
-0.01791742
-0.01539236
0.02091219
-0.00084101
-0.03736284
0.00930168
-0.00505538
0.00006381
0.01865768
