0.08065796
-0.02344534
-0.03252802
-0.00618466
-0.02428700
0.02842431
-0.00427593
0.06543064
-0.02322004
0.02285790
-0.04779442
0.00810862
-0.03692868
-0.05185578
-0.00391227
-0.01312892
-0.03071309
-0.05839062
0.04181396
0.05494036
-0.03385293
0.01159375
-0.01436732
-0.03880063
0.01125606
-0.02756787
-0.03656122
-0.00205895
0.01806795
0.00221316
-0.03498397
0.00400970
-0.00439027
0.03940233
-0.01747862
0.02217068
0.00261588
-0.02727511
0.03700111
-0.01443720
0.00483382
-0.03354021
-0.01791243
0.01840592
-0.03006224
0.00878131
0.03857111
-0.01120700
0.03851283
0.00804512
0.02320691
-0.00075447
0.01741146
-0.03932461
-0.02084380
-0.00785048
0.04074526
-0.04204841
-0.04134971
-0.02272173
-0.03556147
-0.00103196
-0.00874285
0.00579858
0.04983551
-0.00326621
-0.02737202
0.01900536
0.00844249
-0.03776539
-0.05221597
-0.04265197
-0.02797394
-0.02299179
0.02644180
-0.04391588
-0.01163824
0.00883183
-0.02100920
0.02696563
-0.00903346
-0.02818849
0.01281863
0.03585397
-0.02376040
-0.03031940
0.00956076
0.00846958
-0.00302865
0.03962099
-0.03351556
0.03190782
0.01776578
0.04357212
-0.02050763
0.03295824
0.05772245
-0.01387476
-0.04669468
-0.02555095
-0.02585201
-0.00483668
-0.03502467
-0.00198990
0.04027688
0.03761354
0.01602699
0.02091658
0.02278292
0.06482764
0.03585313
-0.01378150
-0.00222754
-0.05524191
-0.01270145
0.00543862
0.01871287
0.03398138
-0.04431976
0.03746101
-0.04370875
0.00133464
-0.02275591
0.01992158
-0.01915181
-0.03865929
0.01071489
-0.00924051
0.01059407
-0.01329348
0.01201624
-0.03395904
-0.02583152
-0.04242719
0.01326638
-0.00231289
-0.03596495
0.03285800
-0.02545480
-0.00482654
-0.03959762
0.00541976
0.01711059
-0.03561120
-0.04400446
0.01840543
0.05168834
0.04078476
-0.01315787
0.00811172
-0.06548556
-0.00130024
-0.04093275
-0.04330255
0.00261637
0.00603746
0.00311384
-0.03876409
0.00898068
-0.04605219
0.03798262
0.00236926
-0.03323036
-0.01761903
-0.02634545
-0.01446425
-0.03324302
0.01853758
-0.00476017
0.04184071
-0.03620704
0.00535162
-0.02101144
-0.00854536
0.06009202
0.02629419
0.01327909
-0.00505118
-0.00842058
0.03401893
-0.02053086
0.04660283
0.00802200
0.04837102
-0.00576355
-0.03106015
-0.01581577
-0.03911800
0.03751328
0.05597077
-0.00845706
-0.01502724
