0011101111010000
0011110010111000
0011110000110111
0011101110101101
0011110000010010
0011110001011000
0011110000111000
0011101110000100
0011101111110001
0011110000000111
0011110001011000
0011110000110000
0011110000100100
0011110001000111
0011110000100101
0011110001010000
0011101111100111
0011110000001110
0011101110100000
0011110000001010
0011110001011101
0011110000000110
0011110101000111
0011110000001010
0011101111000100
0011110000001111
0011101111111100
0011110001010000
0011110000101110
0011110000101111
0011110000110000
0011110000100111
0011101111100100
0011101110011110
0011110000000111
0011101110010000
0011110000100100
0011110000010000
0011110001100010
0011110000111011
0011101111011001
0011110000111100
0011110010000011
0011110000000101
0011110000110001
0011110000101110
0011110001111101
0011110001100010
0011110010000101
0011110001010110
0011110000011001
0011110000011011
0011110000000001
0011101110111001
0011110000010000
0011101111101110
0011101110101110
0011110001101111
0011110001001110
0011101111110100
0011101110100001
0011110000101110
0011110010100011
0011110001111011
0011110000000011
0011101110100100
0011110001001100
0011101111000001
0011110000100010
0011110000010001
0011110000010110
0011101110000010
0011110000010111
0011110000011101
0011101111101110
0011110100000101
0011110011000010
0011101110100000
0011110100010011
0011110000111111
0011110010011111
0011101111110000
0011110001010111
0011101101010101
0011101110101000
0011110000100110
0011110010010110
0011110000111110
0011110000111011
0011110010001100
0011110000001001
0011110001000011
0011110000101011
0011110010100010
0011110000000100
0011110010000100
0011101101111100
0011101111100011
0011110000010000
0011110001100000
0011110000000001
0011101101011000
0011110001101000
0011101110110100
0011110000111101
0011110000000010
0011110000011011
0011101110100100
0011110000010000
0011101111111111
0011101111101010
0011110001101101
0011110001010001
0011101111001111
0011110000001101
0011101111100100
0011101111100011
0011101111000011
0011110000101010
0011110001010000
0011110011010111
0011110011010010
0011110000110101
0011101111110110
0011110010111010
0011101111110010
0011110010011010
0011110001111100
0011110010011000
0011110100000110
0011110001010110
0011110000111110
0011110000100000
0011110000010101
0011101101110100
0011110010010110
0011110000010111
0011110000010101
0011110000011001
0011110000001100
0011110000000001
0011110000100110
0011110000101000
0011110001110000
0011110000101011
0011110010010001
0011110011010110
0011110010111101
0011110000011000
0011101110000111
0011110000001111
0011110000000111
0011101111101100
0011101111110011
0011110010010010
0011101110100101
0011101110100111
0011101111110101
0011101111101010
0011110100000111
0011110001101110
0011101101010001
0011110000001001
0011110100110010
0011110100010010
0011110000110001
0011101111001111
0011110010011010
0011110000001100
0011110001101100
0011110000111010
0011110001110011
0011110000010000
0011110000101111
0011110010101110
0011110001010011
0011101111110101
0011110001010010
0011101111111110
0011110000000010
0011110000001000
0011110001101010
0011101111111000
0011110011001000
0011110000010010
0011110001011011
0011101111111110
0011110001011100
0011101111011000
0011101111001011
0011110000111101
0011110000001001
