-1.65183321e-02
2.77117826e-02
-8.30318630e-02
4.29183990e-02
-9.06928442e-03
-2.29737461e-02
2.82045286e-02
3.52690332e-02
-3.71504277e-02
-1.67779904e-02
9.21192691e-02
5.60804717e-02
7.46294633e-02
-1.04929812e-01
1.05567597e-01
7.01582506e-02
2.67829467e-02
1.19776644e-01
-1.77112259e-02
9.64215323e-02
2.04565842e-02
-5.27050020e-03
-1.13579482e-01
6.51613027e-02
7.64693022e-02
5.29903360e-02
3.64824831e-02
-5.46180718e-02
5.56780919e-02
-2.15863064e-02
-8.48111659e-02
1.30687684e-01
-8.62517133e-02
4.66224737e-04
6.72577042e-03
1.42365480e-02
1.04406275e-01
-2.67175641e-02
-1.16458789e-01
-5.19321524e-02
5.88479191e-02
2.90448181e-02
5.40108122e-02
3.25870924e-02
-7.75950626e-02
8.49356502e-02
1.18290298e-01
-4.55890521e-02
3.47289965e-02
1.05771683e-01
-8.44160616e-02
-5.87392366e-03
2.02619806e-02
2.56501380e-02
-4.98195067e-02
-3.97949964e-02
-7.84576982e-02
7.62631297e-02
-9.63210613e-02
1.30752742e-01
8.40224028e-02
3.23906615e-02
-9.59872007e-02
1.10714465e-01
