63
-25
10
-33
-47
-49
-43
27
28
-70
9
19
-17
-46
-4
-50
-39
14
-48
53
-11
-38
65
-15
9
-24
-54
-40
-35
81
101
-43
-53
28
-6
-29
-34
-19
-30
2
-20
-29
28
-9
-4
15
19
26
-12
-42
-9
-86
14
37
-32
-71
20
13
-51
73
19
-69
-68
-51
21
-36
-28
-7
-25
19
17
-23
25
-38
-21
-29
17
10
48
36
-34
2
4
-2
-38
18
17
-18
10
39
-59
-19
-59
-54
-35
-8
35
22
50
28
53
88
89
-20
-1
30
-22
29
-15
-51
-19
-12
-9
37
-24
4
60
30
-54
-49
10
-75
-15
-12
-13
-43
-42
72
-85
32
-5
-24
-4
66
-31
7
-91
56
-51
-45
41
32
-21
-48
-49
15
60
-28
72
-54
-38
-4
77
-44
17
-47
-16
-37
-66
64
26
-17
-73
-43
-13
-25
-112
2
-14
-18
-46
1
9
36
15
43
-11
10
3
20
-29
-62
59
50
-29
0
-9
-42
13
-26
77
5
-13
43
56
-25
-48
-70
-20
-35
24
20
-35
17
8
-34
74
44
57
55
-40
-39
-17
115
14
31
-19
77
21
50
54
-17
-49
18
32
-79
94
89
76
-40
102
41
90
3
-46
-21
74
-25
7
-77
-19
50
54
58
74
-29
9
38
55
-79
-23
-13
-49
-50
-21
27
-58
10
-56
56
-21
20
-34
37
-68
22
-17
13
44
45
-59
-7
0
19
72
9
94
-39
-41
-1
-8
-23
14
13
4
-23
17
55
-36
19
-59
-51
-52
-66
-118
0
-80
13
17
45
22
-17
18
32
45
-10
-33
-58
13
7
-36
51
-51
24
-14
47
0
31
68
37
-30
-12
-34
56
36
2
46
18
-72
23
-61
22
43
64
-17
-10
-1
21
73
-11
41
-114
-68
39
45
-1
8
6
-18
47
-70
48
-64
36
-106
-34
9
4
-107
-18
-49
10
43
-11
33
25
50
-18
-2
-21
-49
36
5
-53
57
-8
-48
12
56
-53
30
16
14
-77
-40
17
-16
-32
17
-20
-54
-40
30
61
0
-15
-80
22
10
-44
-26
32
-9
-59
55
-3
60
59
-48
-13
19
-8
-21
28
-40
-34
-93
-99
67
60
-8
-42
-25
-15
16
86
-84
-17
-2
-1
-9
-53
-36
-49
30
53
69
6
-41
-47
46
-24
-34
13
-19
-65
-11
-30
-99
-13
7
29
14
-32
-4
-18
-101
7
39
27
18
8
-26
19
31
48
-17
-16
-37
-71
-68
-29
51
28
-40
38
70
-14
-3
27
-41
-33
40
23
-34
-49
-104
-60
54
33
25
-38
42
48
-65
-27
56
45
-19
54
-44
-24
17
-6
37
52
39
12
-63
66
82
3
10
0
20
59
6
5
-41
-38
-56
50
-40
-54
27
9
-10
42
-50
34
66
-40
42
-76
-21
-13
38
-36
-48
-23
-50
44
9
43
34
-11
-109
20
28
-52
-85
-70
-72
-9
14
-31
-38
-22
36
-25
27
53
5
-40
27
-56
23
5
40
49
-18
41
-22
-71
29
-22
3
23
5
-24
-60
38
-2
-33
9
48
-58
-60
-22
51
-32
6
49
46
-49
35
5
-66
32
-43
40
62
-11
63
-34
45
-52
21
34
-26
-70
3
-13
41
10
15
-15
85
20
32
-9
29
1
30
4
42
31
-6
-12
-62
-27
40
52
23
34
0
-38
-49
-2
47
-13
20
-42
44
21
-29
-48
-45
-23
3
-58
-37
-25
32
13
16
-59
33
28
-55
33
-48
-32
35
-3
3
7
-44
42
-21
-22
1
43
29
-86
45
69
-27
-79
-31
-31
2
15
-4
-35
-15
2
-35
49
43
43
-12
-5
-5
25
84
32
35
-4
-21
-38
-25
-28
-46
40
16
14
-13
69
36
37
-19
-4
-33
39
64
-26
-46
50
23
29
56
-21
-41
34
22
59
31
-65
49
37
-46
-22
-50
17
-59
-4
-28
77
-22
50
-43
118
6
73
44
52
23
57
28
-60
-18
-35
-32
-48
13
46
46
-36
-5
-16
26
-29
23
-6
-68
-10
5
-20
23
-20
-42
30
-68
23
-69
125
-61
-23
22
-5
35
-28
-7
51
53
2
39
10
-13
-24
-18
-30
55
19
18
-34
-3
1
-17
-33
13
-13
13
-34
12
63
-49
41
-62
51
36
29
-24
-2
-39
-74
30
21
-21
57
33
34
-15
29
-14
-14
-26
59
26
-67
-23
-18
28
-19
23
36
6
-22
-38
-24
54
14
-60
5
-7
-41
-23
-47
23
43
-9
100
-109
11
48
42
30
90
51
-3
-35
36
71
-48
2
-84
-26
24
-42
-46
-25
-18
65
6
4
43
-41
-53
24
59
-12
48
20
18
17
21
64
13
28
43
38
-27
50
60
-91
-34
4
66
-22
70
31
-43
-45
-5
37
30
-22
-49
35
39
67
12
27
99
-6
55
32
-17
-27
-58
-71
-62
-4
20
-50
-67
-23
-32
-28
1
7
30
-30
-5
4
-44
-21
25
37
-15
-21
21
-48
-4
21
-19
44
-3
24
-21
41
-46
62
19
25
-43
-48
6
-27
-7
-7
-21
-21
34
-21
41
-91
-24
-65
-56
33
4
-34
31
9
16
-11
21
21
-45
13
-28
-41
-16
-87
-69
-11
-63
43
-42
-37
67
-21
6
3
-80
11
52
-33
40
-38
-28
-30
-81
-90
44
-55
-37
4
-46
-39
15
23
8
-44
-16
1
-10
51
57
52
-74
28
41
-44
48
-5
2
25
13
59
-50
8
50
-63
-44
-11
57
-30
25
9
56
-51
40
-115
47
13
-54
61
-32
67
-1
44
-54
14
-62
-32
-61
45
-38
4
-79
-34
-2
71
32
-24
23
-27
-22
88
67
-19
-40
13
37
41
-45
44
-23
77
-23
28
64
21
14
-6
58
76
31
-43
26
29
-8
14
-20
33
-36
-21
9
15
-10
40
-57
-34
-37
-30
-82
103
-34
-39
-8
4
-33
25
44
-21
16
-57
81
33
68
55
84
63
122
50
97
50
-69
-55
42
22
-45
-67
-33
-59
71
10
31
41
32
-24
-14
-108
51
2
28
-24
-26
6
-23
-15
-16
84
28
77
79
-20
-67
-26
55
46
65
78
-30
-14
39
-70
2
27
28
-44
4
-25
74
-12
42
-16
35
-74
-22
-3
47
-40
-73
8
16
21
-10
16
-49
-68
61
13
-49
-12
51
-12
-9
2
28
-54
-54
-4
23
60
-21
76
-34
29
2
-19
51
39
-51
29
-56
54
-26
-21
-21
26
71
-81
50
23
10
-19
-31
-24
28
-27
-47
-5
0
4
-82
-62
41
38
-19
-18
-30
-33
124
12
30
82
38
-12
-77
-35
-70
28
27
-112
48
19
-14
-44
73
-7
-36
40
-66
-57
-106
-64
-23
-54
-48
11
69
-9
-9
51
-38
48
38
-33
-7
21
-10
-50
-40
-32
85
-26
33
-37
15
-52
37
5
27
-26
-14
-22
-104
118
-13
30
1
53
-32
13
24
21
-29
-58
73
-49
19
43
-16
79
57
9
39
49
-25
48
52
24
-24
-4
-61
-29
-12
50
26
-37
2
49
-13
8
11
-54
-12
65
9
99
-30
-64
-20
76
-56
15
34
23
-23
-3
4
33
-17
-5
49
-44
42
-58
-34
-53
-26
40
38
-64
59
13
0
-58
61
-33
32
10
-11
-29
13
5
-46
30
-28
-34
-13
-23
27
54
-4
-68
2
75
28
-39
-34
68
44
24
49
41
-60
-4
-19
-10
-22
48
53
-4
0
1
14
30
-3
-8
43
3
-90
77
-18
-30
-63
-18
-57
92
-20
-33
-22
-86
-15
-41
-21
10
31
6
-31
29
-32
0
28
-54
-49
-17
-50
4
35
-18
-94
-14
6
16
-1
31
22
54
-62
19
30
-22
15
-94
6
-31
30
4
-4
35
-34
30
-15
-47
10
-84
15
-6
-55
23
-3
14
-33
-1
-14
55
1
29
56
60
-40
-79
57
0
47
-54
87
-13
48
-55
39
-29
43
-12
-49
22
28
9
-16
-16
-39
27
25
19
-76
13
4
-21
-50
33
28
20
1
28
37
-16
-60
32
-28
43
-53
47
1
46
27
2
0
12
22
-29
27
-32
-83
-14
-60
-51
-44
7
6
-49
29
-83
47
61
-56
-5
13
33
-29
-7
1
-53
-25
40
51
20
-15
33
-4
44
-6
15
-23
-22
-46
-59
23
26
-39
-53
-66
-51
20
28
-26
11
67
18
47
14
-67
-50
-43
-78
-41
5
-14
40
-1
23
-43
-48
-101
-9
-40
-22
29
7
-56
-30
53
1
5
3
-87
69
-9
69
36
6
30
-48
-7
66
-30
17
94
-1
55
-2
-31
-92
-15
49
60
-68
60
-13
0
49
8
-1
75
-8
33
-35
-46
-12
-52
-77
69
-30
37
6
-45
31
-17
-6
37
-63
-84
-48
-21
5
0
-48
-31
-15
-54
28
5
77
18
59
29
28
-41
70
-34
-1
-42
-20
12
-21
-66
32
4
-3
93
-66
-23
-10
43
-36
27
30
38
-52
7
48
18
54
-17
-63
-55
-38
-11
-2
-73
-29
51
-23
23
38
23
2
65
29
-27
-38
7
12
-25
46
-2
94
-22
37
-82
19
26
-2
-18
-36
45
-57
18
1
-4
1
21
-76
-12
62
-26
-20
39
45
-7
-8
-80
14
-84
-9
-19
-45
3
-6
-55
-7
-46
52
33
-42
53
-4
58
5
-24
75
24
66
-42
-80
46
21
0
-3
18
4
-1
-25
-31
-79
-14
-17
47
-13
-32
-18
6
-26
3
-24
-110
-8
-16
44
2
-27
-10
18
-40
-46
13
-39
41
35
2
12
43
15
13
15
-24
20
-62
50
-11
35
-9
-53
-45
49
-48
-7
-73
14
9
-64
46
-3
10
25
87
13
97
-18
-79
57
32
8
50
-38
27
-50
-18
-36
-31
4
-46
19
25
-12
-26
42
-32
-14
30
100
-73
-42
-63
107
47
2
43
61
-45
-14
40
17
32
-32
-27
-66
38
-25
27
21
19
-21
-9
-24
-20
18
33
47
-9
34
32
35
25
-12
-70
-86
-32
-62
-117
-15
29
-78
43
-7
-16
50
23
49
28
-38
-42
42
-68
18
-72
-41
-49
122
20
7
29
23
-35
-54
8
16
14
-69
-7
-19
-15
-39
50
37
-19
-21
-52
-4
13
22
20
-5
20
-34
8
-17
27
-48
13
9
20
-64
-3
-77
-13
-6
45
10
39
-12
58
24
126
-56
-72
51
6
-4
39
-52
-23
-1
43
-28
15
77
19
63
103
-3
-77
42
-66
15
84
-35
-34
-24
-82
-20
39
43
22
-3
13
56
-95
38
-7
-58
10
-43
8
4
-6
-26
39
10
55
-42
-53
42
54
20
53
7
-26
-17
-69
-13
22
-61
-2
15
-27
-24
-14
-40
28
4
-19
64
35
24
-17
86
39
43
-5
1
5
-13
-13
19
-42
57
-39
-31
12
-23
-10
34
40
-39
-54
-20
-67
8
-58
-12
22
12
-4
-22
-30
43
-23
-1
-21
-2
-15
-20
59
6
36
3
-30
-52
4
1
-46
74
19
-20
-41
16
37
-8
-9
-40
35
-37
-29
-46
31
-33
1
9
20
-92
-42
-51
2
-15
-30
-18
26
-66
58
-39
23
8
-7
-62
30
-47
-35
-24
52
67
31
-26
-36
24
-1
-49
53
13
-6
5
16
-72
37
11
21
-23
-46
61
-8
23
-23
26
-40
33
-1
12
71
-9
-69
12
75
-38
-76
44
15
10
-31
4
-29
39
20
0
-32
62
-52
44
-13
45
45
29
-66
-57
-47
10
48
66
32
56
-56
-9
-4
-8
7
-26
-36
2
-53
15
92
-6
-84
50
65
-43
14
-41
33
18
36
115
-31
46
-50
28
21
39
-72
-31
-45
43
-36
-64
18
36
21
-50
-2
84
96
-60
69
-1
26
-5
-40
-64
43
-59
-92
44
-14
-13
-29
32
-23
-43
-26
-107
-22
-76
69
-6
-91
96
54
5
-36
47
41
-40
-27
-25
13
-86
15
3
4
7
19
-64
67
-44
5
32
65
34
65
-22
-10
-52
33
-38
15
50
35
7
-21
105
-7
43
-48
27
46
-57
-9
-39
-36
-42
-38
-10
45
41
-27
2
-10
39
-5
16
-38
-55
33
-47
49
36
-1
13
-21
16
32
-66
-99
58
21
42
-16
-28
29
-55
-51
-39
13
58
-49
-8
20
24
11
84
77
-44
-81
-72
20
-41
33
-41
50
52
106
9
14
0
-47
-16
-78
6
-89
8
-43
-37
21
-24
-9
31
33
25
-25
-18
-78
-64
-55
-49
18
44
-85
48
-24
-57
-25
-18
-54
44
2
-78
-72
59
14
-29
66
-49
-77
-44
37
-29
53
-35
7
37
-30
-35
-17
-25
2
7
16
-87
79
37
22
-45
21
38
-11
60
45
-13
-54
-30
-98
19
-40
15
16
1
23
48
-76
-32
-3
99
53
9
-45
-17
22
-38
-19
42
6
15
-15
31
-70
55
20
-5
5
11
-3
23
63
-10
58
15
-54
83
-41
28
-33
-34
22
75
-9
-10
-57
6
13
-24
7
-26
34
55
20
-30
-66
43
-7
46
-26
-9
-31
64
-18
10
-11
-3
29
33
-4
8
-26
40
15
31
-38
-27
13
30
75
-25
23
62
-54
75
-38
-61
-63
42
61
-73
-51
48
23
24
-64
-25
4
58
-32
56
-79
-8
17
-23
-21
-13
-38
64
33
27
60
-27
-40
-22
-29
57
-71
36
-33
-28
-16
-8
86
-66
-12
52
50
-5
12
-35
35
11
-71
47
52
43
-9
71
40
-6
-33
-46
50
-4
27
37
27
-6
-43
-45
-18
-65
19
38
-51
35
31
27
-36
-25
10
28
-9
-1
47
-25
-7
39
-41
74
-53
-12
25
36
-13
-39
-12
-25
-49
23
-60
0
-28
-43
-3
52
26
-3
16
39
-1
19
-65
-43
24
-8
46
45
-24
-27
-34
36
56
-17
49
16
-39
-9
59
51
-28
16
-30
35
39
36
-28
7
-17
-24
-6
-50
-46
19
31
-16
-15
-17
-29
-35
-55
-4
12
23
-38
58
62
52
-59
0
-45
47
-41
-9
-63
34
42
3
-60
-21
37
-20
-25
-36
-12
-48
-24
-58
-45
-38
4
-22
30
64
-32
24
31
39
-16
5
64
-47
63
80
-17
-47
-19
6
-5
33
-40
10
-20
-28
8
-50
33
-7
43
65
-75
47
39
-20
-49
16
-15
65
-61
-50
-12
25
-4
37
-32
2
71
-16
41
24
-15
-20
-15
17
45
-37
55
-36
74
-5
1
33
10
83
-43
64
-39
20
-42
82
39
-51
-24
15
-16
37
8
67
-26
57
-45
-26
-48
27
-5
-13
-19
-42
-47
-48
-7
-66
12
30
91
-20
-24
3
5
22
51
58
56
21
-80
-4
-40
12
16
-58
49
41
-7
42
15
-23
14
8
-27
71
59
50
-32
57
59
34
3
53
-12
-11
-41
28
-16
-32
15
-9
17
8
-12
65
49
-41
-2
-1
-5
6
0
7
7
34
55
-14
-34
83
-39
-3
35
80
21
13
50
-51
84
-28
-32
-46
-37
24
11
26
36
-1
-100
-31
46
-15
81
0
21
-49
2
32
14
40
-81
3
-88
42
-86
28
-15
16
2
-39
-23
-14
48
83
16
48
-3
19
10
-47
-7
70
-40
33
-43
27
30
13
29
31
-17
-6
17
-38
14
-59
8
-6
41
24
-55
72
-25
-33
-23
-9
5
53
71
-40
-36
-2
-49
-29
40
-9
-47
0
51
-24
30
-17
-12
75
47
-77
11
8
-7
13
-79
-35
7
16
-22
38
-54
13
16
45
12
25
32
46
50
-9
-32
7
42
-57
32
-18
2
-48
36
-57
-36
34
-9
35
-31
48
-67
50
14
-21
-9
34
-16
80
-16
-47
-69
-19
-54
-9
-87
47
67
-49
30
97
5
-31
-3
27
74
-37
40
14
-57
35
24
21
4
-43
52
-35
-39
-12
-23
-34
39
7
20
-25
-41
-49
-35
51
13
30
27
-22
-36
20
27
-39
23
-39
41
-2
79
24
42
29
-10
72
5
46
-33
49
49
-29
59
-10
58
-36
63
26
0
-24
54
-2
-4
-50
24
-29
-11
29
-89
6
-18
-38
6
8
-23
-28
-44
-32
63
-52
-38
-33
14
23
-15
-28
-9
13
42
46
-27
74
24
90
-9
-1
13
4
36
-45
78
57
50
-59
64
-23
-25
-13
57
51
-3
37
-65
-18
17
48
-24
-11
-32
-84
-37
57
-26
61
-3
70
35
-40
43
16
-42
-32
-13
-7
114
41
12
-46
69
29
69
-6
13
26
38
16
-56
3
-2
-9
17
86
82
72
19
-9
46
-56
13
52
63
-9
13
-41
13
75
-18
-1
40
-6
33
12
-30
12
-14
23
-92
-64
71
8
40
24
42
-83
36
10
-69
73
-67
15
49
-39
-10
76
-11
31
-60
-62
11
8
-9
-66
-75
-29
-20
65
-2
14
71
38
-78
2
42
-21
28
22
28
18
40
82
62
-8
-8
-47
5
6
92
19
-20
62
34
-47
16
69
-47
42
37
62
-32
33
-71
-9
47
41
23
-30
-47
-22
66
18
74
-19
74
-26
17
56
21
-63
14
-13
-53
-37
81
45
48
-16
20
-26
45
7
-20
-14
42
77
-69
-58
37
-1
23
-30
68
20
-56
-38
-10
-41
-46
48
18
3
41
-23
-64
-66
-42
47
-19
-29
41
-20
-72
1
-28
-14
50
51
-97
9
0
-51
39
69
56
38
-21
-43
-13
16
-6
47
20
-59
33
55
2
-19
-57
-14
-63
-26
4
-43
0
-44
28
46
-1
32
47
-46
8
-13
-48
23
-17
-82
-8
61
12
2
-40
1
1
3
4
47
-48
-11
24
-12
-19
21
-33
65
-19
-77
18
13
-19
40
-49
-88
-13
-17
37
75
94
-49
-23
-68
25
38
-7
-52
-2
-32
37
45
-7
11
-45
17
-86
-49
-12
-23
-17
-46
40
-39
5
-39
78
40
66
-35
30
3
-85
18
-73
-27
-7
84
39
-9
37
41
-25
-3
75
5
14
58
-30
13
-38
-20
-28
-125
57
-57
74
39
-59
-114
58
-33
-15
83
27
-60
-64
-11
-57
-3
-14
29
-17
26
51
5
57
43
-40
29
-87
-64
-66
-16
18
-69
16
-11
-15
-47
65
105
25
60
16
6
-40
-44
-37
-72
41
4
57
-3
19
64
-51
79
72
41
-54
43
15
-40
-9
46
-34
-12
65
12
3
-10
27
-51
44
-48
41
26
58
28
-15
-62
5
-28
11
-9
46
-7
26
56
3
79
-42
-10
-13
-22
-13
-16
-44
-39
18
42
-43
-39
30
99
28
-46
24
49
-37
55
-45
-33
-46
27
15
-16
14
-30
26
-42
-4
8
-15
85
-53
-54
-9
-54
98
-75
-7
-38
67
-44
-62
26
-6
0
16
67
-22
22
-79
-6
-90
-17
-77
-2
-5
-22
68
-8
-14
-18
-53
-26
-97
42
-63
-38
-38
-118
-4
-53
-27
-27
51
-2
6
-24
-41
-63
-1
-40
-60
4
-54
-68
43
27
63
102
-66
1
-127
-2
-66
80
-6
-40
-23
0
-21
7
17
-13
48
-4
-8
18
-40
37
-16
11
78
-96
-97
12
16
28
56
-45
30
38
14
42
8
-45
-84
-2
-1
-9
-51
-17
-3
-15
-5
-31
-7
-15
-39
58
73
44
45
-14
-48
-17
58
9
-63
42
55
10
-71
60
-17
35
-46
-12
-56
38
18
32
36
60
-94
31
45
33
71
35
-43
-21
38
-5
-4
38
62
24
-88
-16
7
20
11
-35
-49
38
29
-16
-5
37
1
-70
-8
-58
-59
-31
19
-89
-26
-70
-32
-7
20
22
11
47
12
-55
-79
8
22
34
-8
45
17
13
-75
49
32
-25
-22
24
-64
12
-20
-39
-15
23
-30
55
41
-33
16
-19
-17
38
-72
-29
23
-52
37
-61
16
-39
39
27
60
-13
22
-25
-2
-8
2
-57
-96
-6
51
-58
-115
-55
-36
32
4
-23
10
-10
-39
76
18
58
10
21
7
-67
36
89
-58
101
6
-23
-10
23
84
-59
1
-25
-42
12
87
-25
25
38
37
-43
25
-29
-8
9
28
-36
-3
-30
50
47
-5
-64
-37
-58
34
-42
16
-50
39
-33
-50
78
40
-6
-80
-18
-20
23
-52
-55
-63
13
13
-32
-44
6
44
-22
20
-48
18
23
-34
34
35
82
-60
28
-47
-71
-10
43
-3
8
27
48
36
26
86
-32
48
40
40
5
-8
76
36
-17
-9
-34
54
38
25
39
19
26
-32
41
-2
-18
-28
-15
-40
22
31
-11
22
5
-23
-21
38
41
2
69
-14
-19
-25
-30
-31
47
-4
-7
33
-39
-27
20
-83
29
5
-77
48
35
45
25
42
42
-34
-42
-46
9
46
-22
42
68
12
-28
41
-42
40
73
-11
-50
-51
-12
-33
-16
-14
-82
11
64
-48
50
15
38
60
70
5
-22
59
-49
-25
-3
81
-6
-72
-18
41
42
54
18
73
-43
-57
-23
-59
71
14
20
56
45
55
55
29
-11
37
13
31
57
78
-7
-1
3
-78
37
5
54
0
-12
45
45
-16
61
75
-6
21
12
43
48
42
-49
60
-69
95
6
-27
15
64
25
56
41
68
-41
-35
18
14
-13
30
-20
-42
-38
-49
-51
-14
50
28
9
-2
0
19
11
-13
-28
-47
-21
13
47
-41
60
-5
70
-6
4
-13
-69
106
-74
-25
57
21
58
-28
-38
2
-27
23
83
-15
-46
-22
28
68
-61
-20
14
10
-3
39
24
59
20
56
35
94
-20
23
39
-12
-14
-62
-26
32
7
61
11
27
1
4
10
24
-40
49
45
-32
12
3
-18
-11
69
23
37
-11
55
-2
42
56
-37
-44
21
102
10
