-12
-14
-84
-61
11
60
-78
-109
105
37
77
18
21
34
37
-51
-13
48
44
0
-48
7
-91
7
-11
-102
-34
-38
28
-34
46
14
-1
-25
22
4
-64
35
-33
-53
68
27
-65
-3
17
-24
36
30
83
25
42
74
-55
-44
-31
-75
-123
-3
-11
-104
19
-86
-52
-66
-7
-33
27
-61
-8
13
10
8
39
24
-4
-21
-7
-37
-75
-38
-104
-106
-18
-27
-5
-75
52
77
-66
-56
23
80
10
0
47
-10
-45
-59
-25
-17
-89
71
-28
58
-58
-77
-53
-19
1
52
-66
16
2
8
6
37
45
-88
-38
37
42
-8
45
85
67
0
44
53
-109
9
-21
-59
54
-9
-18
-75
-29
-46
-67
14
43
78
-110
-26
70
87
-47
29
-26
18
-18
83
-38
-27
21
89
-47
-110
-127
50
-45
-12
-93
-110
16
28
-64
77
5
-74
-91
65
54
-40
25
-58
12
74
-10
-26
-41
-13
-13
90
-32
-14
26
-4
2
94
70
-121
