-0.01189409
-0.05790861
-0.02865052
-0.06947798
-0.08145333
-0.09371755
0.06955545
-0.19637716
-0.03575020
-0.00423640
-0.01987028
-0.11726967
-0.00454759
0.01433974
0.03493696
-0.05237120
-0.18569034
-0.07266343
-0.04960274
-0.04309085
-0.11940645
0.02904684
-0.02032437
-0.12112682
0.11129392
-0.18702607
0.04531176
-0.12211877
0.01506954
0.11026855
0.03429592
-0.23267920
0.21434996
-0.10422470
0.00131357
-0.03848764
-0.01304457
0.03047636
0.11173268
-0.01519267
-0.08545893
0.00338347
-0.10490405
-0.05314894
0.03329710
0.04547855
-0.01204906
-0.01224360
0.03667692
0.07943682
-0.14502983
-0.08189810
0.01246700
-0.01474905
-0.00002192
-0.00659270
-0.06934826
-0.06088187
-0.14847131
0.01434248
-0.19648084
-0.08358618
-0.08722504
-0.00971740
0.00325509
-0.02170566
-0.01203711
-0.21567810
-0.08241196
-0.25453180
-0.09376870
0.10570123
-0.11629745
0.06752199
-0.07427678
0.03075796
-0.05959900
0.02798636
0.06666351
-0.07348835
0.02745183
-0.02795229
-0.04865466
-0.10661209
-0.02185646
-0.13867733
-0.13826960
0.12592809
-0.00506301
-0.20533323
0.04705251
-0.15803565
0.10867899
-0.09640919
0.02220768
0.02264129
-0.07757622
0.06463441
0.02370893
-0.02703578
0.11689374
-0.02331988
-0.04843760
0.08448986
0.00496241
-0.04932769
-0.05098036
0.00595319
-0.01028409
-0.17661819
0.15008450
-0.08564775
-0.00484691
-0.03284347
-0.12199315
-0.00147456
0.06839144
-0.00973789
0.01733532
-0.24553415
-0.03125255
-0.14892164
-0.01956428
-0.00437575
-0.02219470
-0.22015160
-0.08222955
0.04416207
0.05954728
0.05217753
-0.07842817
-0.14998522
0.02408002
-0.15353477
-0.17275335
-0.01711772
0.21634059
0.11201102
-0.12018312
-0.01835969
-0.22168370
0.11026949
0.02898003
0.01513017
-0.03738432
-0.01811835
-0.11666656
-0.10218861
0.05523849
0.20375894
0.06135931
0.10081760
-0.00862894
0.00814430
-0.16027954
0.03960192
-0.04148724
-0.01380191
-0.03063119
-0.00296140
-0.05338261
-0.05172756
0.13312921
-0.19583994
-0.17023961
-0.02339005
-0.01498525
0.11518839
-0.00140009
0.01017910
-0.07086634
0.04797075
0.19595335
-0.10887153
0.13682880
-0.20294288
-0.03091689
0.14856069
-0.06669610
-0.15557599
-0.04185219
-0.07680033
-0.18377779
0.00583701
0.11906374
0.00970699
-0.02386018
-0.12628536
-0.09415682
0.05392902
-0.00773369
-0.02931228
