-1.03916311
0.44783896
0.39492425
-0.50777704
0.57730865
-0.52053487
-0.93244380
-1.38463271
-1.15359092
0.44677916
0.01193514
0.22845767
-0.38441935
0.43845195
0.44097236
0.02307439
-0.95606416
-0.02794374
-0.28064975
-0.89927524
0.89996570
-0.38878796
-0.04520200
1.39660680
0.43328863
-0.37603000
1.83356118
-0.99762684
0.05263794
-0.26129401
0.75962114
1.96036470
1.62550080
-0.24937782
0.42948115
1.73362696
0.21268076
0.20366217
-0.74808508
-0.41517660
-1.86489904
1.92317152
-0.60145026
0.98860431
-0.96821898
-1.15561867
0.66189593
0.48002461
-1.18146527
1.38545477
0.46903297
2.32547784
0.96099567
1.46230352
-0.63999146
1.13232172
-0.07670982
-0.77454257
-0.05475650
-0.62348777
-0.96005845
-1.32351613
1.45423353
-0.38548800
0.54589140
-0.33374494
1.31733131
0.04894966
0.84892023
0.08291237
0.32217702
-0.17660415
0.21320131
0.55047148
0.06212657
-0.61203212
-0.45394883
0.66827244
-1.54973531
-1.51716554
-0.61517549
0.46965051
-1.23579884
0.93048412
-1.42506242
-0.70432150
0.18869862
1.90072262
-0.47624323
-0.26446646
-1.62579143
-0.23212318
-0.85512942
-0.21640141
0.53913128
-1.37337339
-0.67183208
-1.49535131
0.29991314
-0.88384724
-0.24781789
-0.65948546
-0.87963581
0.92577362
0.53955626
1.02668774
-0.74975228
-0.08173241
0.80111158
1.46694136
1.54947877
-0.98605543
-0.32302749
0.49897277
0.00422938
0.60897750
-0.87131286
-0.74741435
-1.97992182
1.70803046
-1.09208870
0.46019816
0.83981061
1.82038081
1.17988801
0.24256139
0.04247037
-0.57889938
-1.65091121
-0.40967214
-0.22575253
0.63929707
0.51060712
0.76177531
1.70910716
-0.69179797
1.43944228
0.86293858
0.84627211
0.33297098
-1.04214251
-0.66686457
0.97318763
-1.05594230
-0.84219110
-1.04992938
-0.45486045
0.03640705
-1.30328453
0.19222628
0.11371933
1.41073108
-0.53993839
0.03676245
1.25872827
0.49007025
-2.07672095
-0.61386526
0.92151725
-0.71519601
1.13958383
-0.44897589
0.50226462
-0.20471676
0.52297723
-1.39058745
0.26086196
0.34097385
-1.08729303
0.46483621
-2.44973707
-0.98420477
0.11888579
-0.62636214
-0.01547975
0.09664944
0.36406425
2.28108120
-0.13946193
-0.25433865
0.98178196
-0.17162263
-0.41163638
-0.23817734
-1.29441535
-1.42139053
-1.76965380
0.49475598
-1.64896739
0.27163714
-1.07845509
1.03583872
