0.06113564
-0.02544937
-0.21813254
-0.07342006
-0.00111568
-0.05360995
-0.18336336
-0.08208854
0.02328498
0.04381187
0.07540765
-0.09733584
-0.00615153
-0.12843710
0.00778827
-0.03149250
-0.05104966
0.00286954
-0.05000732
-0.04387947
-0.07043851
-0.03535063
0.07286153
-0.02753931
-0.08167855
-0.08056799
-0.00889445
-0.00376926
-0.13060434
-0.08544649
-0.02052428
-0.09261644
-0.15089968
0.04979507
0.02312926
-0.02649615
-0.04152567
-0.08620828
-0.01791987
0.07136429
0.04840741
0.05113028
-0.03316599
-0.08483455
0.04880747
0.00199493
0.03378183
0.04992390
-0.00009473
-0.11948069
-0.09403916
0.05408550
-0.02295571
-0.10264459
-0.04556952
0.01813347
-0.06829160
0.03337919
-0.07403084
0.18379472
-0.18697694
0.07949353
-0.03064726
-0.03694014
-0.04293340
-0.16593540
-0.01349010
-0.03610814
-0.00748362
-0.15693155
0.07547567
0.02952684
0.02792363
-0.07891693
-0.03154086
0.03135756
-0.09142303
0.07958390
0.03313604
-0.01551883
0.07487512
0.03521559
-0.01044891
-0.02700632
-0.05883138
0.01328029
-0.05051946
0.01879669
0.00835849
0.02079050
-0.18994990
-0.01694512
-0.16886550
-0.03671568
0.01549795
0.02846587
0.04183007
0.01730146
-0.02198936
0.02524787
-0.06520857
0.01646920
-0.08155288
-0.01591186
-0.05449026
0.05341016
-0.00896602
-0.02452357
-0.00253680
0.03973232
-0.00491876
-0.05024318
-0.05140603
-0.13073426
-0.01546108
-0.02824807
-0.10765287
0.03172546
0.01911085
-0.00341946
-0.03188218
-0.11748686
0.01000768
0.02484204
-0.05031039
-0.21093585
-0.05324663
-0.07870603
0.06757355
0.03518405
0.03462686
-0.01571251
-0.02653163
-0.14379895
0.03344163
-0.13029094
0.04063519
-0.10175332
-0.09396641
0.02297758
-0.20074987
0.05700867
-0.04566639
-0.05460974
0.02867378
-0.07774654
-0.01916594
-0.12358131
-0.01938636
-0.16261914
-0.06293837
-0.00012840
-0.06343037
0.01122659
0.12837569
-0.01526204
0.11760060
0.05258206
0.02854733
-0.00433893
0.03028488
-0.02961501
-0.13520402
-0.07501457
-0.13840508
-0.11523592
0.00981549
-0.13147306
-0.02412476
0.03877794
-0.05391459
0.00142499
-0.08531509
-0.00648082
0.05329592
-0.17678982
0.02198653
-0.00624340
0.01459633
-0.05202053
0.10445330
0.07426773
0.01959264
-0.05976033
0.07917850
0.02315749
0.04862132
-0.09531955
-0.05157769
-0.08335756
0.07277188
0.11941615
