0010110100101010
1010011000000001
1010100000101010
1001111001010101
1010011000111000
0010011101000111
1001110001100001
0010110000110000
1010010111110010
0010010111011010
1010101000011110
0010000000100111
1010100010111010
1010101010100011
1001110000000010
1010001010111001
1010011111011101
1010101101111001
0010100101011010
0010101100001000
1010100001010101
0010000111110000
1010001101011011
1010100011110111
0010000111000011
1010011100001111
1010100010101110
1001100000110111
0010010010100000
0001100010001000
1010100001111010
0001110000011011
1001110001111111
0010100100001011
1010010001111001
0010010110101101
0001100101011011
1010011011111100
0010100010111100
1010001101100100
0001110011110011
1010100001001011
1010010010010110
0010010010110110
1010011110110010
0010000001111111
0010100011110000
1010000110111101
0010100011101110
0010000000011110
0010010111110001
1001001000101110
0010010001110101
1010100100001001
1010010101010110
1010000000000101
0010100100110111
1010100101100010
1010100101001011
1010010111010001
1010100010001101
1001010000111010
1010000001111010
0001110111110000
0010101001100001
1001101010110000
1010011100000010
0010010011011110
0010000001010011
1010100011010101
1010101010101111
1010100101110110
1010011100101001
1010010111100011
0010011011000101
1010100110011111
1010000111110101
0010000010000110
1010010101100001
0010011011100111
1010000010100000
1010011100110111
0010001010010000
0010100010010111
1010011000010101
1010011111000011
0010000011100101
0010000001010110
1001101000110100
0010100100010010
1010100001001010
0010100000010110
0010010010001100
0010100110010100
1010010101000000
0010100000111000
0010101101100011
1010001100011011
1010100111111010
1010011010001011
1010011010011110
1001110011110100
1010100001111100
1001100000010011
0010100100101000
0010100011010001
0010010000011010
0010010101011011
0010010111010101
0010110000100110
0010100010010111
1010001100001110
1001100010010000
1010101100010010
1010001010000001
0001110110010010
0010010011001010
0010100001011010
1010100110101100
0010100011001100
1010100110011000
0001010101110111
1010010111010011
0010010100011010
1010010011100111
1010100011110011
0010000101111100
1010000010111011
0010000101101101
1010001011001110
0010001000100111
1010100001011001
1010011010011101
1010100101101110
0010001011001011
1001100010111101
1010100010011010
0010100000110101
1010011010000100
1001110011110001
1010100100010010
0001110110001101
0010010001100001
1010100010001111
1010100110100010
0010010010110110
0010101010011110
0010100100111000
1010001010111101
0010000000100111
1010110000110001
1001010101010011
1010100100111101
1010100110001011
0001100101011100
0001111000101111
0001101001100001
1010100011110110
0010000010011001
1010100111100101
0010100011011101
0001100011011010
1010100001000001
1010010010000011
1010011010111111
1010001101101000
1010100001000001
0010010010111111
1001110011100000
0010100101011011
1010100010100010
0001110101111011
1010010101100001
1010000001100000
0010101110110001
0010011010111011
0010001011001101
1001110100101100
1010000001010000
0010100001011011
1010010101000010
0010100111110111
0010000000011011
0010101000110001
1001110111100111
1010011111110100
1010010000001101
1010100100000010
0010100011001101
0010101100101010
1010000001010100
1010001110110010
