0011101111001101
0011110000000001
0011110000101000
0011101111000000
0011110000100111
0011101110100100
0011110000100101
0011101111011000
0011110000011010
0011101111010001
0011101111101100
0011110000100000
0011110000011001
0011101111100110
0011110000010000
0011101111110001
0011110001000001
0011101111100111
0011101111010110
0011110000011000
0011110000110000
0011110000000000
0011110000111000
0011110000011001
0011101110110110
0011110000000100
0011110000000110
0011110000011100
0011110000001001
0011110000011111
0011110000000001
0011110000000011
0011110000000011
0011110000010001
0011101111101011
0011110000011101
0011101111111110
0011110000010010
0011110000000011
0011101111010101
0011110000000000
0011101110011000
0011101111011001
0011110000000101
0011110000001100
0011110001001101
0011110000110010
0011110000110110
0011110000100000
0011110000111000
0011110000010111
0011101111011011
0011110000100101
0011110000111010
0011110000000111
0011101111111100
0011110000010001
0011110000100001
0011101111010110
0011110000011010
0011101111000101
0011101111100111
0011110001001000
0011110001000001
0011110000001100
0011101111101110
0011101111111010
0011110000010010
0011101110100101
0011101111100101
0011101111011001
0011110000011100
0011101111101110
0011101111011101
0011101111010101
0011101111010010
0011110001001000
0011101111101111
0011101111011011
0011110000001101
0011110000010101
0011101111000101
0011110000010101
0011101111010011
0011110000010001
0011101111111110
0011110001000101
0011101110111111
0011101111101100
0011110000111010
0011110000000011
0011101111001001
0011101111101100
0011110000000010
0011101111010000
0011110000110111
0011101111000011
0011110000100001
0011101111100010
0011110000011100
0011101111001001
0011110000111011
0011110000000111
0011101111100100
0011101111000110
0011110000100001
0011101111000010
0011110000000001
0011101111111111
0011110000000000
0011110000101111
0011110001011000
0011110000101011
0011110000101111
0011110000101100
0011110000000101
0011101111100111
0011110000011001
0011101111100111
0011110000100001
0011110000100110
0011110000000100
0011110000001011
0011110000001100
0011110000100111
0011110000001000
0011110000001001
0011110001100010
0011110000110111
0011110000010011
0011110000001001
0011110000010100
0011101111010011
0011110000000101
0011101111000001
0011110001000010
0011101110011010
0011110000011111
0011101111001101
0011110000011011
0011110000100010
0011110000100001
0011110000010001
0011110000001110
0011110000010001
0011110001010001
0011110000011000
0011110000011010
0011101111011110
0011101111001011
0011110000001011
0011101110100111
0011101111100000
0011110000010100
0011110000011011
0011110000101100
0011110000011000
0011101111010111
0011101111011100
0011110000010110
0011110000011000
0011101110000101
0011110000001011
0011101111110011
0011110000001100
0011110000001001
0011101111010111
0011110001110100
0011110000000011
0011110000110000
0011110000010101
0011110000001111
0011101110001000
0011101111111001
0011110000000111
0011110000100111
0011101110001101
0011110000010000
0011101111110111
0011101110111000
0011101111010110
0011110000100000
0011110000101000
0011110000111100
0011101111110001
0011110000010001
0011101111101000
0011110000010110
0011110000010010
0011101111000010
0011110000101101
0011110000011110
