0011101111100101
0011110000000010
0011110000101110
0011110000111111
0011110000011011
0011101111100000
0011110000110011
0011110001001100
0011110000010101
0011110000111001
0011110001110100
0011101110110010
0011110000000000
0011110000101111
0011110000101001
0011110000001001
0011101111111110
0011110000101001
0011110001111101
0011110000010100
0011110000011100
0011110000001001
0011110000001100
0011110000101101
0011110000000101
0011110000110010
0011110000011111
0011110000110010
0011110001010100
0011110001000010
0011110000001110
0011110000110000
0011110000000000
0011110000111010
0011110000010111
0011110000010001
0011110000010001
0011110000100000
0011110010001000
0011101111110001
0011110000101010
0011110000000110
0011110001011001
0011101111111010
0011101111101110
0011110001011110
0011110000111111
0011110000101001
0011110000000100
0011101111101101
0011110000100000
0011110000110000
0011110000101011
0011110001100011
0011110001010101
0011110000101110
0011110001110011
0011110001001101
0011110000000101
0011101111111110
0011110001010110
0011110001000000
0011110000100011
0011110000010011
0011110001001110
0011110000010101
0011110000001000
0011110000011100
0011110000111110
0011110000010010
0011110000100111
0011110000011101
0011110000110100
0011101111011000
0011101111011011
0011101111001100
0011110000010000
0011110001000010
0011110000110110
0011110000000010
0011110001010100
0011110000101001
0011101110010000
0011110001001111
0011101111001010
0011110000101100
0011110000101110
0011110000110110
0011110000001111
0011110000100000
0011110001011001
0011110001010011
0011101111101101
0011101101110100
0011110000100100
0011110000100100
0011110001000110
0011101111110101
0011110000011010
0011101111111011
0011110001110100
0011101111111101
0011101111110000
0011101111111101
0011110001000100
0011110000111100
0011110000000001
0011101111010011
0011101111110000
0011110001101100
0011110000010010
0011110000000101
0011110000010110
0011110000100100
0011110001000001
0011110000010001
0011110001100010
0011110000101000
0011110000010111
0011101101010101
0011110000110010
0011110000010101
0011110000100011
0011110000111000
0011110000101010
0011110000010100
0011101111001000
0011110001001110
0011110001111111
0011110000001110
0011110001110010
0011110000110100
0011110000001001
0011110000011110
0011101111100101
0011110000010000
0011110000110000
0011101111100100
0011110001110111
0011110000101110
0011101111101001
0011110001100000
0011110000101011
0011110010010100
0011110000100101
0011110001001011
0011101111000101
0011110000010100
0011101111001010
0011110000000110
0011110000100000
0011110001000011
0011101111110111
0011110000101111
0011110001100110
0011110001110110
0011110001111111
0011110000100000
0011110000001101
0011110001001001
0011110000111000
0011110000001001
0011110001001100
0011110001010011
0011110000100111
0011110001100010
0011101111101110
0011110000011100
0011110000101111
0011110000110000
0011110001001000
0011110000100011
0011110000000100
0011110000000010
0011110000011001
0011110000101000
0011110000001110
0011101111111100
0011110001111001
0011110000011000
0011110001001100
0011110001001010
0011110000001001
0011110000011000
0011101111001011
0011110000000011
0011110001000001
0011110000010010
0011110000010011
0011110001010011
0011110000010001
0011110000001111
