0.96037626
0.97015435
0.96253556
0.98987716
0.94297910
0.92652225
1.01743245
0.97714496
0.98633397
0.92994040
0.90820944
0.98376870
0.95734107
0.97144735
0.93922865
0.98983395
0.97045493
0.99830896
0.98416495
0.94856554
0.98370045
0.98311448
0.94125623
0.93833989
0.99209046
0.96901703
1.00026178
0.93833458
0.97388554
0.98047400
0.92836046
0.90391082
0.97589540
0.94628048
0.98615414
0.93005151
0.97989428
0.92041969
0.96510786
1.00661242
0.96779370
0.97327739
0.91332674
0.99888825
0.86077821
0.96065795
0.96302563
0.92961454
0.97416866
0.98740834
0.90960240
0.97267210
0.93059278
1.00652552
0.91933227
0.96232861
0.99126267
0.91120183
0.95072317
0.96794951
0.96716273
0.99721366
0.96461010
0.99023426
0.95519894
0.92712593
1.02735150
1.01290202
0.98187441
0.99667543
0.97485572
0.95301759
0.97451216
1.01671922
0.98109245
0.98665249
0.95213497
1.02757418
0.95528340
0.95147306
0.93953365
1.01436496
0.97512513
0.99102050
1.00082588
0.98061574
0.93290293
0.96157509
0.94345754
0.91076255
0.90942317
0.96401179
0.94960880
0.94406706
0.92701620
0.95585412
0.92116606
0.96914458
0.95729715
0.98447740
0.99526238
0.96983743
0.98451138
0.97628361
0.96306014
0.95632648
0.93860781
0.98526794
0.98867935
1.01206231
1.00056517
0.94009644
0.93883091
0.98553652
1.00125623
0.93760788
0.98287594
0.94254339
1.00404584
0.92102599
0.94280177
0.95733166
0.96487910
0.97228950
0.88373470
0.98050976
0.94050765
0.98762894
0.95523614
0.89519954
0.98064220
0.94254690
1.02859688
0.99276030
0.99016321
0.96599710
0.96856928
0.94357926
0.98557740
0.93185109
0.92923373
0.93555510
0.93630677
0.94272256
0.94488716
0.94517428
1.02312171
0.96250004
0.94263220
0.96565896
0.99194884
0.94935703
0.93404621
0.98088688
0.98015112
0.96162903
0.98719686
0.98533660
0.96514976
0.99148524
0.92234784
0.97053170
1.02017128
0.94943613
0.93471909
0.95199835
0.98048985
0.94382662
0.91693383
0.92685395
0.94841343
0.94349921
0.99307382
0.97836018
0.91321760
0.95278198
0.99322975
0.92082423
0.98332173
1.02100587
0.95819765
0.96157843
0.93010235
0.97710818
0.96858245
0.97617275
0.95679671
0.92463917
0.97926080
0.98898602
0.94670534
0.95115554
