-0.01607805
-0.01627344
0.01238284
-0.02382938
0.01870833
0.01694580
0.01411101
-0.01201684
0.01714949
-0.03213236
0.01240982
-0.04059009
0.00537643
0.00690269
-0.02342992
0.00897158
0.01277732
0.03043811
-0.06238699
-0.02052752
0.01713120
-0.02625281
-0.03111723
0.01588114
0.00339488
0.00794961
0.00990437
-0.01585316
0.02623487
-0.00273242
-0.03792145
-0.00583909
-0.01787213
-0.04760249
0.02993583
-0.01569602
-0.01585552
0.00240627
0.01372339
0.00509362
-0.01609970
0.02646280
-0.01112653
0.00112209
-0.02475804
0.06553795
0.01053265
-0.00476621
-0.01393732
0.00330543
0.02503638
-0.00307817
-0.01561052
0.00286895
0.01190077
0.01620016
0.03264803
-0.02126809
0.01226754
0.01268677
-0.01726774
-0.02391247
-0.01545712
0.01923991
-0.00898377
-0.01881446
0.03369447
0.00003236
-0.00034748
0.00239582
0.02766577
-0.01938236
-0.01938166
-0.01370482
0.00218391
-0.02397027
0.02086075
-0.01294592
0.00010923
-0.00409100
-0.00613171
0.06541297
-0.02674776
-0.01665874
0.00927035
0.01045013
0.00449993
0.01098796
-0.01267129
-0.04148513
-0.03375359
0.00146741
0.00949339
0.02182106
0.00029225
0.03106264
0.01221957
-0.00444587
0.01039047
0.01805034
-0.02333726
-0.01824057
0.00823835
0.01901831
0.02031940
0.01386561
-0.00431135
-0.03896614
0.03452882
-0.00538300
0.01387314
0.06700903
-0.01248863
-0.00113840
-0.00285588
-0.02193436
-0.00125231
-0.02033669
0.01122733
0.01428680
0.01016179
0.00970224
-0.00125390
0.00430916
0.01793359
0.03963191
0.01142906
0.02022376
-0.00037302
-0.00725914
-0.01163067
-0.00701993
-0.00416614
-0.01863293
-0.00098691
-0.03525871
0.02738048
0.01159116
-0.03474772
-0.03219453
-0.01143995
-0.03190582
-0.01845952
-0.01712329
0.03728122
-0.00906067
-0.04394034
-0.05035894
0.01028163
-0.01265020
0.01349977
-0.01533462
0.02939154
-0.01197932
-0.00157897
-0.00766144
0.01898945
-0.01801911
-0.01455590
-0.00958547
-0.00386304
-0.01316205
0.06423376
-0.00539493
-0.02005054
-0.00843339
0.03968386
-0.00193908
0.01630021
-0.01855306
-0.00112180
0.00131781
-0.00412418
0.00823831
-0.02531754
0.01898636
0.01912875
-0.00630243
0.01925369
-0.01805975
0.04974364
-0.00295593
0.00816251
0.01453130
0.03021553
-0.01066003
0.00107981
0.02062536
-0.01288957
-0.00329985
0.00446494
0.03890803
