0011101011101110
0011101101001110
0011101100111010
0011101101101011
0011101100110111
0011101110001000
0011101110101011
0011101101111001
0011101100110111
0011101101100110
0011101011101001
0011101111000000
0011101101001011
0011101100110000
0011101101110000
0011101101010001
0011101010101101
0011101011111000
0011101110001100
0011101100011101
0011101101100011
0011101101001110
0011101100110101
0011101100100001
0011101010001111
0011101100000011
0011101100100000
0011101100010100
0011101100110001
0011101011100000
0011101101101010
0011101100010110
0011101101101001
0011101011001110
0011101100010000
0011101110011110
0011101101111100
0011101100111010
0011101100001010
0011101011110110
0011101100100100
0011101011010010
0011101101001100
0011101101110111
0011101110001111
0011101100010110
0011101100101000
0011101100011111
0011101110111100
0011101011001011
0011101011111101
0011101101011101
0011101101000100
0011101101000001
0011101101101101
0011101101001101
0011101110000011
0011101101011101
0011101101101000
0011101110001101
0011101101000000
0011101100111011
0011101100110001
0011101101010101
0011101100111101
0011101100000010
0011101101111001
0011101101010110
0011101101111010
0011101100110000
0011110000011110
0011101101110110
0011101011111001
0011101101011001
0011101101010111
0011101100101001
0011101100110100
0011101010011111
0011101110001100
0011101101010100
0011101100001001
0011101101010011
0011101100110010
0011101100110101
0011101101111100
0011101101000001
0011101100111000
0011101101100110
0011101101110111
0011101100011101
0011101011001001
0011101101010011
0011101100110101
0011101011101111
0011101110010110
0011101110000001
0011101010011010
0011101101000100
0011101100011101
0011101100000011
0011101100000011
0011101101011101
0011101101111111
0011101101011111
0011101110100011
0011101100111110
0011101101011100
0011101110100110
0011101101110010
0011101011100111
0011101100101001
0011101101101100
0011101100100000
0011101101010101
0011101100001011
0011101101011110
0011101101101000
0011101101010010
0011101110100101
0011101101000010
0011101010111001
0011101101011010
0011101101100101
0011101100111111
0011101011010110
0011101100010110
0011101101000100
0011101010010010
0011101100011111
0011101101110101
0011101101011000
0011101101101101
0011101011111000
0011101100100110
0011101110101101
0011101100001110
0011101100100010
0011101100011010
0011101101111000
0011101011100000
0011101101001010
0011101011100010
0011101101001101
0011101100101010
0011101011101010
0011101110110101
0011101100110000
0011101011110011
0011101110010001
0011101101001101
0011101100011101
0011101100001000
0011101011001001
0011101100101100
0011101100110100
0011101100110011
0011101101100010
0011101100101001
0011101011111000
0011101101001100
0011101100111110
0011101100100100
0011101101001110
0011101010101011
0011101101100100
0011101100111010
0011101101001011
0011101101100101
0011101110000101
0011101100101011
0011101110010101
0011101101100010
0011101101011101
0011101100101011
0011101011111100
0011101011111001
0011101101001110
0011101101111000
0011101100111010
0011101100010101
0011101101110101
0011101011110110
0011101101011101
0011101100000101
0011101101000000
0011101101011011
0011101101110011
0011101100100001
0011101101010110
0011101011111011
0011101100100101
0011101101100100
