-0.03218760
-0.07624287
0.04841972
-0.00085541
-0.08623207
-0.09097270
-0.01487826
0.02612055
-0.13608952
0.01031407
-0.09864581
-0.08465481
-0.03708773
-0.19669588
0.04860117
-0.15100864
0.01725959
-0.12254737
-0.00538106
-0.00734773
-0.10309196
0.00714486
-0.04918525
-0.12535240
0.00566969
-0.07239694
0.01071382
-0.01173144
-0.10704397
0.02439265
-0.17989817
-0.03075708
-0.09136534
-0.01729256
-0.06540384
-0.00650697
-0.14597429
-0.11759562
0.01895967
-0.12374472
-0.06389938
-0.26339421
-0.03922086
-0.08379609
0.01672784
-0.12419923
-0.07137794
-0.07095575
0.06551710
-0.15095979
-0.14004827
-0.04145692
-0.10519402
-0.01122971
-0.09540819
-0.07100687
0.05216922
-0.10453901
-0.01556298
-0.23333597
-0.08748127
-0.17316015
-0.11056265
-0.07532553
-0.24112782
0.00189767
-0.04420855
-0.02939270
-0.20477681
-0.06447501
-0.02809723
-0.06649385
-0.03447528
-0.07861971
-0.12028636
-0.07423563
-0.10258841
-0.07848120
-0.18665510
-0.02912611
-0.02313345
-0.18961699
0.03955273
-0.08962418
-0.03657078
0.00259901
-0.01718773
-0.05464634
-0.07169011
0.09129030
-0.09457757
-0.08181388
-0.02107006
-0.02296720
-0.13124426
0.02747345
-0.02868357
-0.04829755
-0.10086973
0.02376979
0.08400401
-0.05882733
-0.17292674
-0.06890132
-0.03890748
0.00530365
-0.04964798
0.04958184
-0.16784808
-0.05488305
0.03250895
-0.01568215
-0.03178089
0.03621803
0.02281643
-0.01054564
-0.09209893
-0.03651413
-0.11621696
-0.07109557
-0.06604983
-0.01539952
-0.05536514
-0.01726728
0.00061386
-0.05878810
-0.11472791
-0.14855680
0.04249742
-0.04907326
-0.03267232
0.02204820
-0.00978224
-0.05809908
-0.07622954
-0.08081757
-0.00663708
0.04342997
-0.00185533
0.05286040
0.00186927
-0.05382498
-0.18147318
-0.15821004
-0.13111898
-0.22367977
-0.02933122
0.01053403
-0.06770614
-0.04505212
-0.05390789
-0.03074145
0.02472075
0.02492337
-0.06365006
-0.00809463
-0.14695030
0.01376908
-0.10008627
0.01450605
-0.01835256
0.02028422
-0.05798334
-0.13861533
0.01352300
-0.00228067
-0.01233121
-0.03961432
0.00661193
-0.02641549
-0.14518766
-0.06326721
-0.06586676
-0.07409653
-0.05566896
0.04510837
-0.05671559
-0.04461979
-0.05131889
-0.03025217
-0.23000343
-0.09385534
-0.00459098
-0.17571120
-0.04104349
0.00354160
-0.19882573
-0.02016473
-0.12430391
-0.06506575
-0.05178114
-0.12434032
-0.12637451
-0.04414231
-0.09485131
-0.00388035
0.00052813
-0.10864573
0.01334296
-0.03726203
-0.10646367
0.05792195
-0.03005208
-0.07201064
-0.08777009
-0.02575611
-0.10370927
0.07916052
-0.20239653
-0.20937717
0.02935053
-0.00835527
-0.01693114
-0.11017468
-0.00451147
-0.03716785
0.00374730
-0.05268238
0.00805550
-0.05813469
-0.01883707
-0.16212480
-0.07727620
-0.12224967
-0.11573052
-0.14013095
-0.14721888
-0.09329213
-0.03906411
-0.08362231
-0.06564715
-0.06687354
-0.23344019
-0.07541140
-0.02705747
0.03002401
-0.09430224
0.04212720
-0.04887279
-0.02638192
-0.21514848
0.01606826
0.02697551
-0.05861524
-0.10368501
0.00478061
-0.01403002
-0.04878645
0.01082433
-0.10092693
-0.11581451
-0.08841769
-0.07407191
0.05179252
-0.13190088
-0.01075112
0.05902563
0.04889329
0.05167818
-0.23259445
-0.01934329
-0.00354167
0.02790897
-0.05865632
-0.05310933
-0.14520717
-0.15912908
-0.06725539
-0.14979196
-0.09746955
0.02323298
-0.03271258
-0.19749378
-0.06866903
0.00693416
-0.00379448
-0.03210455
-0.09582438
0.00195197
-0.06156724
-0.11821190
-0.06346834
-0.08225702
-0.08616223
0.00093768
-0.01752394
0.00321411
0.02854852
-0.01001770
0.05029571
0.05284645
-0.05572404
-0.02025525
-0.02988173
-0.05811837
-0.02257912
-0.15992089
-0.14365624
-0.00295384
-0.10403295
-0.11974251
-0.13034265
-0.04740193
-0.09714313
-0.02442768
-0.05186330
0.02472790
0.00484713
0.02428922
-0.08757899
-0.10263749
-0.04797612
-0.09512346
0.02149087
0.04046717
-0.05702940
-0.24907288
-0.01911492
0.00297365
-0.07879921
-0.12583072
-0.07653218
-0.03177745
0.03670290
-0.05630640
-0.03968520
-0.08697444
-0.06893558
-0.13101380
-0.27487487
-0.05163761
-0.05116212
-0.06974497
0.01139523
0.02047775
-0.02615133
-0.03808086
-0.01153926
-0.05902984
-0.26861614
-0.00373813
-0.02554538
-0.01942444
-0.14059241
0.06024820
-0.04992183
-0.19238216
-0.25835940
-0.08497804
0.00459553
-0.04810346
-0.03951361
0.00866351
-0.09370019
-0.03944738
-0.17516980
-0.03236816
0.01044405
-0.09292638
-0.14803818
-0.01652807
-0.20501971
-0.05464582
-0.07150096
-0.02186017
-0.04167886
-0.09256405
-0.02065499
-0.03508049
-0.04204601
-0.08591764
-0.13167618
-0.01300002
-0.10035485
-0.03110244
-0.07050475
-0.07205355
-0.11539312
-0.26000133
-0.01662355
-0.12878585
-0.09416268
-0.02716554
-0.02019156
-0.17563456
-0.17372808
-0.11164371
-0.00234860
0.01523586
-0.05596169
0.02420722
-0.01948765
-0.04766360
-0.04206840
0.03024512
-0.05446195
-0.09918199
-0.10482141
-0.12576011
-0.10855040
0.00113239
-0.13658231
-0.10232137
-0.14702061
-0.07253547
-0.01925002
-0.06786850
-0.13394393
-0.05901095
-0.03267930
-0.04651006
-0.06122315
-0.01086214
-0.13599731
-0.10874636
-0.03891294
-0.05157422
-0.28274563
0.00507055
-0.01738043
-0.05346952
-0.04586556
0.00611805
-0.12653740
-0.20442519
0.00636637
-0.08550011
-0.10303731
-0.13123927
-0.20999973
-0.03007884
-0.29032189
-0.06534424
-0.09281565
-0.02248812
-0.05059333
0.02509211
0.00683591
-0.26405004
-0.04132397
0.01082763
-0.08852328
-0.08190238
-0.12712857
0.02298310
-0.26157829
-0.02842751
-0.28147423
-0.04576140
-0.03049999
-0.14672147
-0.10086323
-0.02808141
-0.05326733
-0.07426481
0.01158761
-0.12449455
-0.16937248
-0.06116462
-0.10509796
0.01926094
-0.03955889
-0.12239990
-0.06640977
-0.02292688
-0.04495203
-0.14558086
0.04197586
0.02711476
-0.17989379
0.05482154
-0.11555527
0.01907946
-0.03402250
0.03347936
-0.09661697
-0.10010818
-0.01063270
-0.22596464
0.00546361
-0.07137893
-0.15637162
-0.00686606
-0.10094287
-0.02779126
-0.18287964
-0.15677203
-0.14489998
-0.12029368
-0.03742144
0.01137523
-0.01908501
0.00293740
-0.21143089
-0.05516953
-0.14842612
-0.09368116
0.02283049
-0.04275014
0.05544300
-0.05633010
-0.13212430
-0.02316728
-0.15290514
-0.04522263
0.03376788
-0.04651188
-0.33215114
-0.10861397
-0.03608488
-0.09148072
-0.26693502
-0.12528148
0.01343509
-0.07835348
-0.09846176
-0.03058260
-0.00887072
-0.11437734
-0.10016050
0.02885629
-0.10898416
0.04532675
-0.04213651
-0.08155390
-0.02034684
-0.07603695
-0.09581237
0.05467046
-0.03841356
-0.11530394
0.01898514
-0.06311198
-0.05919162
-0.06864958
-0.10393783
-0.07187491
-0.11540049
-0.04982173
-0.08982527
-0.03335192
0.00887681
0.05836314
-0.01836598
-0.04164654
-0.05935198
-0.01426923
-0.04217361
-0.04685389
0.00257153
-0.03918004
-0.12187120
-0.03267119
-0.29505032
0.00563791
-0.07330845
-0.13324426
-0.03222312
-0.03383280
-0.18095492
-0.02070095
-0.01158443
-0.21163967
-0.04366518
0.07762081
-0.03045217
-0.08647406
-0.13526003
-0.01975323
-0.04051908
-0.02325638
-0.18461698
0.03189083
-0.07382332
-0.09026661
-0.12403058
-0.21799301
-0.11532526
0.00669001
-0.14946172
0.05924081
-0.09219544
-0.05595357
-0.02659438
-0.03393666
-0.00523083
-0.02855819
-0.06391210
0.00629015
-0.02204476
-0.01027912
-0.04412137
-0.13714631
-0.05400336
0.05218745
0.00909225
-0.00203847
0.04004473
-0.17939961
-0.15216839
-0.06371385
-0.14348631
-0.05441871
-0.02855993
0.00602083
-0.04219609
-0.13670217
-0.04373266
0.00729527
-0.10765114
-0.07508258
0.00693654
-0.12002061
-0.17317687
-0.00732510
-0.13201244
0.04167990
-0.15431108
0.02135535
-0.05111034
-0.24243613
-0.11168262
-0.25631523
-0.20249797
-0.08234312
-0.09044082
-0.04823356
-0.04966021
-0.09945651
-0.00239242
0.08757073
-0.05264293
0.01931246
-0.18982835
0.04883083
-0.11270143
-0.03444344
-0.06695368
0.03005659
-0.08371344
-0.09820139
-0.12656209
-0.08776801
-0.01108631
-0.00784378
0.00558631
-0.03288126
0.05897059
-0.11762168
-0.02001427
-0.01264361
-0.16993080
-0.02875281
-0.00468548
0.07936683
-0.00456412
-0.17037377
-0.10787926
-0.04441655
-0.04243444
0.01329493
-0.09807146
-0.04687197
-0.09845193
-0.10617621
-0.10082776
-0.11252862
-0.09822578
-0.21041271
-0.05571195
-0.14438103
0.00039679
-0.02970333
0.02162113
-0.08645158
-0.13695340
-0.03378726
-0.09118089
-0.09939022
-0.08792783
0.00258196
-0.14037882
-0.10811608
-0.09644152
-0.07078498
-0.07279791
-0.06473474
-0.09694060
0.06362403
-0.18353261
-0.08466486
-0.02857584
-0.15640809
-0.10096084
-0.02871327
-0.07628652
-0.06775710
-0.08149760
-0.05571659
-0.10534240
-0.16488756
-0.04281901
0.02050515
-0.01468113
0.00034404
-0.02196204
-0.06225087
-0.03299318
-0.05776569
-0.02142212
-0.09897920
-0.07379536
0.01644649
0.02670338
-0.01658647
-0.04245543
0.04279734
-0.01230051
-0.04412238
-0.02710008
-0.06071215
-0.07991505
-0.08327059
0.01218438
-0.05525479
-0.08862862
-0.07446188
-0.01623674
-0.03288713
-0.03201647
-0.00275254
-0.03337972
-0.11016696
0.01974745
0.04906758
0.00071875
-0.02129808
-0.00373442
-0.11393148
0.02329446
-0.11555380
-0.15306090
0.02432511
-0.14521727
-0.18021345
0.06068062
-0.03625229
-0.00120888
-0.00884481
-0.06581246
0.00051283
-0.15415910
-0.11493962
-0.06940398
-0.16622269
-0.02452797
-0.00974037
-0.12777866
-0.02523367
0.00504643
-0.01824537
-0.28953826
0.01489061
-0.03450089
-0.09026715
-0.16069981
-0.10767937
0.01294656
