0.99839550
1.04212666
1.26600182
1.02877450
1.07830763
0.80671531
1.82860863
0.81949633
0.96471465
1.00883532
0.98729742
1.03493226
1.07714844
1.62976587
0.89361900
0.94179976
0.83922201
1.01487422
1.03822327
0.99959660
0.89183813
1.05063498
1.10260856
1.11070430
1.45966995
0.84708542
1.08630109
0.98654532
1.36588478
2.18040895
1.28718555
0.81920016
1.66150165
0.90454233
0.97159487
0.95410269
0.93004203
1.39108646
1.15171874
1.03120863
1.00791454
1.06070149
1.06117666
1.10430038
1.22706926
1.55797529
1.22257555
0.93317628
1.04681337
1.25827074
0.90918672
0.94889319
0.98401332
1.31280673
1.02473807
1.15005434
0.93727553
0.92454529
0.88717991
1.16274047
0.85819560
1.09103501
0.99014932
1.01120305
0.98377836
1.14271188
1.05850756
0.81958920
1.05406952
0.80412203
1.06113470
0.87257206
0.96368653
1.51159573
0.95068556
1.09289587
0.96851343
1.01386106
1.07756495
1.15864360
0.85748488
0.97611159
1.05575728
0.90797657
0.94643921
1.10231996
0.92961848
1.03994727
1.13225961
1.06941044
1.17204034
1.09335101
1.44776976
0.93499911
1.03249407
1.16315413
1.10891473
1.11082578
1.00345886
0.96411824
1.45495415
0.97769374
0.96424669
0.92089605
0.99479568
1.18286240
1.06697118
1.09812057
1.00438035
1.19712126
1.18794668
0.91809422
0.86879498
1.07755589
0.90558147
1.09506226
1.19276273
0.78161579
1.02606499
1.12259841
1.06008136
0.96353823
0.99802029
1.01641810
1.23208022
0.82859880
0.92811841
0.98717660
1.19926655
0.88804394
1.01593840
0.91495001
0.95584625
0.91476738
1.15866709
1.13638568
1.62644410
1.47234726
1.07149673
1.03764296
0.81566143
1.16595483
1.34937036
1.11678135
1.08726311
1.02195537
1.09856236
0.91837561
1.10053194
1.83735561
1.28493190
1.37615848
1.13205361
1.03818297
1.21041155
0.92436689
0.97009724
0.99187982
0.97148937
0.98429406
0.93962091
0.96569377
1.78119946
0.85269374
0.87426323
1.08948851
1.01434076
1.28024423
0.98408622
1.26343656
0.93193668
1.61005199
1.44550240
1.08714771
0.83347929
0.85231870
1.17703927
0.90132034
0.97544199
0.88309073
1.07890058
0.94292450
0.88056684
1.00897706
1.09993315
1.25042140
0.94478309
0.90929806
1.06796587
1.37023890
1.03516698
0.98673236
