-0.01013446
-0.02552824
-0.00004442
0.01142146
-0.00435052
0.00830175
0.01177581
-0.02420554
0.01118435
-0.00444725
-0.00782096
-0.00675661
0.00285188
-0.00627276
-0.02507240
0.01084150
-0.01633731
-0.00625781
0.00097308
0.00028110
0.05374241
-0.01522759
0.03328792
-0.01752335
0.01341266
0.00326209
0.01994883
0.01806180
-0.00282811
-0.00180558
0.00153853
-0.00904126
-0.03625615
-0.01211143
0.00719710
0.00513442
0.01434724
0.00114173
0.01173753
0.02695906
0.00029889
0.01028785
0.01643391
-0.00762644
-0.02341136
0.02131387
0.00206899
-0.01122272
-0.01892073
0.01551392
0.01565871
0.02006013
-0.01265704
0.00809637
0.01537309
0.01368778
0.00174585
0.00050623
-0.01472192
0.01819431
0.01013569
0.02210057
0.00009555
-0.00086899
0.00517721
0.02922661
-0.00996828
-0.01910050
-0.00277398
0.00443983
-0.00015628
-0.00828282
0.00340735
0.01116941
0.01378322
0.00580005
-0.01916720
-0.03624997
0.01768192
-0.00691222
0.00169957
0.01423095
-0.03589813
0.00092764
0.00146631
0.01318472
-0.00756737
0.01109378
0.00014695
-0.00708763
0.00203985
-0.00457559
0.00822863
0.00450478
0.02413154
-0.02004865
-0.00390766
0.01358154
0.01294140
0.00438351
-0.00116720
0.00037391
0.01621816
0.01228387
-0.00767799
0.00456216
-0.00212234
-0.01308198
-0.01415418
0.00132185
-0.00304465
0.00911526
0.00874421
0.01283178
0.01986568
-0.00284009
-0.01394396
-0.00641452
0.02645596
-0.01023355
0.00064360
-0.00952100
-0.01213641
-0.01419554
-0.00637457
0.00985753
-0.01739930
0.00725796
0.00063795
-0.01077922
-0.02596849
-0.01799699
-0.01434815
0.01521932
0.00153131
0.01121737
-0.00916810
0.00122803
0.00154342
0.01752817
-0.00768990
0.00293233
0.00534996
0.01002338
0.00457272
-0.00143780
-0.00695226
0.01143465
0.01809543
-0.01367247
-0.00793460
0.00254984
0.00065080
0.00006576
-0.00400682
-0.00570616
-0.02091031
-0.00123637
0.00078252
-0.01129759
-0.01585368
0.02646087
0.01614003
0.01753161
0.00457116
-0.00590156
-0.01555624
-0.00702992
0.01348095
-0.04351032
0.01442597
0.01417578
0.02575491
0.02541043
0.00425166
-0.01656636
-0.00970209
0.01849703
0.00785817
0.02039995
-0.00744219
-0.02877440
-0.03175608
-0.03379489
0.01274339
0.01305769
0.03484581
0.01634246
0.01807437
0.00742221
-0.00122177
-0.00634747
