0010100000101001
1010100100110011
1010101011100001
1010101001001011
1010011000101100
1010010111010001
1010101011101010
0010100111110011
1010100110110011
0010110001000001
1010011100011011
0010110101010010
1010010101001110
1010011100101111
0010101100100101
1010100001111011
1010010100101010
1010100111010101
0010010110101100
0010100001110011
1010011101111100
0010110000100111
1010010100010011
1010100110010111
0010101010100000
1010100011000011
1010101101100000
1010010011010010
1010011010010100
1010000101011000
1010100100011011
1010101110001010
0010101011011000
0000110000011100
1010101001100101
0010001101100000
1010010111000100
0010000010000100
0010000000011111
1010110011000101
0010000000010101
1001100011111110
1010100100000000
0010101011000001
1010100010010110
1010100011111100
0010110010010000
0010110110001111
0010011101011111
1010100010011000
0010101011100101
1000101011010110
0010011001101101
1010010110011000
1010110000010001
0010101100111000
0010100101111111
0010100010010100
1010101000110110
1001111110111010
1010110011110000
1010100001011110
0001111001010000
1001110010000101
1010000111010101
1010101101110000
1010100100000011
0010100011101010
1010010110010100
1010100010010111
1010101011000101
0001000101001111
1010100100001011
1010011110001111
0010110000111010
1010101110101100
0010001100100000
0010100110100110
1010110000000110
1010110000110100
1010011100111001
1010100011111110
0010110000010110
0010100001010000
1010000101010101
1010101001101101
0010100011100111
0010101001100000
1010101011111001
0010101111010001
1010110000011000
0001111100111110
0010001011101111
1010110001010111
1010100011100110
0010010000100001
0010101000011100
1010110010100011
1010110100000101
1010011011101000
1010100011010101
0001010000010000
1001000111101100
1010110100000100
0010110001010111
0010100011001101
1010011010001111
0010110000110110
0010100001010010
1010100001001101
0010011111101001
1010100100001000
1010100011101111
1010100000000101
0001101000100110
1010010101101001
0010100100111001
1010010110100000
1010000011011010
1010000110011010
0010011011000001
1010100111001001
1010011011100100
0010100000111111
0010011010011101
1010001100100011
0010111001010100
0010100000110011
0010101101001010
1010010010010011
0010011001010001
1010100011001110
1010101000001101
1010011110011010
1010100011101010
0001011001111010
1010110011011010
1010110100100001
1010100011000011
1010011110000111
1001111000000110
1010010110001101
1010100101110110
0010001100111000
1010011100011001
0010101011100010
1010001010011011
0010101001011010
1010011110001110
0010110000000000
1010001100110101
1010101101010111
0001101101111000
1010110011000001
0010100011101110
1010101110010110
0001000100000110
1010101001010111
1010110000001110
1010110101100001
0010110011101100
1010000000100001
1010101110001101
1010110000010011
1010100111100110
1010100100101011
1010101001010101
0010110101001011
1010101100110101
0010110000101001
1001101100000000
1010010011010101
1010010101101001
1010110010011111
0010100110011010
0010110011000101
0010100010001101
1010101011000100
1010001110000010
0010010111001010
1010011111011000
0010101110100100
1010101110100000
0010011001001000
1010100000000111
1010010011111110
1010011110110001
1010100101011101
0010010010011000
0010100011010000
0010100000111100
0010110100010111
