0.00254383
-0.01523013
0.00458374
0.01252079
-0.00149461
0.01207449
0.02833441
-0.01576600
0.01638815
0.02627074
0.02743347
-0.03070576
-0.01168761
0.01819352
0.00394769
0.02000657
0.00532695
-0.02176469
0.01041407
-0.00665130
0.01498882
-0.00969919
0.01427312
0.03137140
-0.00068938
-0.01483324
0.00807480
0.01483492
-0.01248847
0.01007784
0.01039602
-0.01477766
0.01629295
-0.02664642
0.00914999
-0.00312395
0.01059475
0.00892784
-0.01065112
0.04753091
-0.02347029
0.02688150
0.00960856
-0.00534321
0.02915555
-0.00714818
-0.00251904
0.00171109
-0.02831204
-0.00245552
-0.00662343
-0.01101760
0.00580804
-0.00215684
0.02013323
0.00450938
-0.00544806
-0.03132090
-0.01204223
0.00804762
0.02761492
0.01277734
-0.02417917
-0.02359606
-0.01366399
-0.00132268
0.00672470
0.00244686
0.00696701
-0.00864313
0.03240076
0.03459780
0.02766753
0.01301184
-0.02983963
0.03530470
-0.01376459
-0.03303860
0.00642627
0.02387357
-0.00365010
0.00661607
-0.01965394
-0.02467312
0.00723509
0.02470606
-0.02589565
-0.02611011
-0.01643431
-0.02759517
0.01739154
-0.01009351
0.01065475
0.01639684
-0.01098470
-0.01167435
-0.02239594
-0.01630066
0.00942503
-0.02666837
-0.00849845
0.02149502
0.00152838
0.00903483
-0.00024685
0.01633213
-0.02300467
-0.00742036
-0.02103115
0.00946650
-0.01358002
0.00377819
0.02045517
0.03549967
-0.01357654
0.01177500
-0.02680176
-0.01093163
0.02978721
0.01092664
-0.01323379
0.00997897
0.01624338
0.01124909
0.00205840
-0.01497946
-0.04950446
0.01542220
-0.03275699
0.02724703
-0.01673179
-0.00221403
0.03937628
0.02170037
0.00346737
0.01607601
0.01800570
0.00409011
0.00384601
-0.00168381
0.00232661
0.00536427
-0.00257656
0.01652960
0.02866665
-0.01832413
-0.00399656
-0.04252913
0.01142037
0.01695914
0.01808502
-0.03135905
0.03026611
0.01874073
-0.02899292
0.02182393
-0.01552884
-0.05385053
-0.00050449
0.04681627
-0.03502034
0.00807132
-0.02244087
0.02354646
0.01431308
0.02980610
0.02014072
-0.03531381
-0.01956645
-0.03475173
-0.01853854
-0.01240490
-0.01636571
-0.01711415
-0.00288773
-0.01932009
0.00613230
0.01834871
-0.00852313
-0.00536954
0.01834334
-0.03857599
0.03452644
-0.04173464
0.03266857
0.02898365
-0.00411745
0.02292643
-0.04098394
-0.01329393
0.00999862
0.01394852
