0010010101101000
0010011111111010
1010010000000111
1010000101001001
0010100110100101
1010000111100110
1010010000010011
1010010010011111
1010101000101011
1010000110000101
1010001011110001
1010100011001000
1010100011101111
0010100001100001
1010010011001101
0010100110100001
1010100110000011
0001100001100111
1001110101101110
1010110000010110
1010101111111101
1010100110111010
1010100110111111
0010100110111001
1010101110000100
0010100010000000
1001111010011010
1010000101001001
0010100110011101
1010000010100010
1010101111110101
0001110000100010
0001111001011000
0010100101111101
0010101100001101
0010011011110101
0010010011101100
1001111111001100
0010100010010001
1010100001111101
0010010001001111
0010101101011011
0001101101001011
1010101101100100
0010101101100000
0010001001000110
1001000010001011
1001010101010011
1010000111011100
0010100001010000
0010101000000110
0010011101001111
0010010101011101
0010100101101110
0010010111010001
1010000000111111
1001110001010111
0001111000001100
1010010000010001
1010100010100000
1010100001011011
0010100100011100
0010001111101010
1001001101101001
0010010110010010
0010100010011011
0010101000101101
0010100011010100
0010011010011101
1010100110110100
0010100011101010
0010100100110001
0010001000000011
1010100101000111
0010011101010100
0010001000111110
0010011000001010
0010010110010111
1010010101111111
0010100111011100
0010101010101100
0000011101101001
1010100110011001
1010010100110101
0010101100111010
1010011110100001
0010001011100001
0010001010010000
1010010011111011
1010101000110001
0001101111001100
1010101101100000
0001110111110001
0010100000110010
1010100111111010
0010100011100001
0001001010001100
0010100001100100
1010101010101101
1010101010100100
0010010000001111
1010100011011101
0001100011101000
0010010000101010
0010100000110001
1010100100010001
0010110001001101
0010100111111110
0010011010101001
0001110001100110
1010001001011111
1010101001010010
0010011101000001
1010100111001001
0010100010010000
0010101010001110
0010011000010010
1010011011111110
1001001101100000
0010011101011011
1001111101111011
1001101000100011
1010100011011110
0010001110100000
0010100001010111
0010011100100000
1001011001110010
0010100001101101
1010001100011010
0010101000011001
0010000001111101
1010010110000100
1010100001001111
1010011010100011
0010101100010101
0010001010110111
0010100010111100
0010101000000100
1010011000011111
1010110000001011
1010010000010111
1001101111111101
1001111011001101
1001110011010110
0010100001101110
0010100000001101
0010110010100100
1010100110101000
1010100101111010
0010110001000110
0010010000000101
1010101010000111
0001101111000000
0010011010110100
1010100111010011
0010100001010000
1001100010010111
1010000101101000
0010101011000010
0010100111110100
1010001010101011
1010011101001101
1010101100010010
0010011001111011
0001110011000011
0010100101000111
1010100101100101
0010001001100010
0010010110000101
0010011100000111
1010010000001110
1010101001110011
0010001101101000
1010101000110100
1010001101010000
1001101110010100
1010001001111011
1001111100000000
0001110101111111
1010100101010100
0001101010000011
0001100110001111
0010100001100001
1010011101100011
1010110001110100
1010010000111010
0010010001011110
1010000000100011
0010000010010000
0010100010010001
0010101111010100
1010010011000000
