1.01609099
1.02305865
0.98262763
1.00389147
1.05807483
0.99736929
1.02647281
1.01196396
1.00978363
1.00042641
1.00698066
1.03868949
1.01137090
1.02745616
1.03379297
1.03145719
1.07335639
1.00830758
0.98133451
1.02654505
1.01707983
1.03161657
1.04241228
1.00609016
1.01158857
1.00424838
1.01098132
1.06972969
0.98367471
1.03200424
1.02394855
1.05311799
0.99963576
1.04328167
1.01231515
1.02676439
1.05128753
1.00789917
1.02051687
1.01601541
1.01315737
0.96899760
1.00563467
1.02174413
1.03845394
1.02667582
0.99134004
1.01706719
1.02942681
1.06208920
1.02893412
1.03323078
1.00932288
1.03632247
1.01382220
1.00707865
1.01930368
1.07097960
1.04339850
1.02430379
1.02619863
1.08208489
1.03735471
1.03624654
1.06689417
1.01266074
1.02316391
0.98104089
1.02615559
1.03038931
1.00180483
1.05260277
1.01568043
0.99591112
1.00959194
1.02165747
1.08416367
1.00621545
1.03420985
1.05340064
1.01934958
0.99365258
1.01535916
1.04409969
1.01028180
1.01135242
1.13008130
1.02167213
1.01868463
1.02698863
0.99548662
1.02617145
1.00325525
0.99397188
1.01626706
1.04688919
1.00485539
1.01803946
1.00428629
1.01695311
1.02433670
1.01354539
1.03736854
1.03543234
1.04503846
1.07797265
1.04847300
1.02402198
1.01121521
1.01811433
0.98755175
1.05945981
1.03015471
1.01172745
1.03922439
1.01319277
1.04851329
1.00102901
1.01354659
0.99089533
1.07282555
1.01143599
1.03215134
1.02271843
1.06947196
1.03637552
1.05002463
1.02349758
1.03624260
1.01097465
1.04413915
1.04244137
0.99415809
1.04562354
1.01693571
1.04650879
1.02820826
1.02078545
1.00745106
1.02443647
1.02169442
1.03005862
1.03341126
1.05069816
1.04062712
1.04145455
1.03647745
1.01623476
1.00041735
1.05119681
1.02223611
1.05601668
1.02079630
1.00223100
1.06286192
0.99570203
1.03242481
1.05516291
1.00350380
1.03459537
1.02326608
0.99619609
1.02638078
1.02021337
1.04122305
1.02585018
1.00639963
1.07389414
1.03983045
0.98892409
1.03876495
1.03683698
1.00023770
0.98503143
1.01986516
1.02878582
0.99360937
1.05489504
1.02647364
1.04278183
1.05538106
1.02327025
1.07396066
1.05672610
1.01592898
0.99352515
0.98233306
0.97847891
1.02233505
1.02364218
1.05771089
1.04011142
