7.35552490e-01
8.71556476e-02
1.21578500e-01
4.84548211e-01
5.46066821e-01
4.81872946e-01
-1.45901844e-01
-2.06128567e-01
5.91411531e-01
9.43295717e-01
-8.39734733e-01
-1.49156541e-01
1.80235058e-01
-3.36044356e-02
6.99997842e-02
-7.97268808e-01
-9.80641305e-01
9.09334600e-01
5.87543666e-01
2.13720366e-01
5.51468432e-01
2.34317258e-02
7.94426620e-01
-8.26134562e-01
8.57665658e-01
5.93905821e-02
8.76099229e-01
-4.75393623e-01
7.20476389e-01
7.78310373e-02
2.37412065e-01
4.83652413e-01
-6.69540763e-01
9.57569480e-02
5.00078976e-01
7.86165535e-01
-1.04699051e+00
1.01281637e-02
6.84364438e-01
-1.01801610e+00
-6.12843871e-01
-7.65315056e-01
-2.96170413e-02
-8.40007424e-01
-9.64580238e-01
-7.61438668e-01
-8.92444730e-01
-1.80626377e-01
4.41075176e-01
-1.46763176e-01
-7.17138529e-01
-3.25383961e-01
7.26662815e-01
5.19177616e-01
-9.51630473e-01
7.31817186e-01
5.41465402e-01
9.14142311e-01
4.83866036e-01
8.09196651e-01
6.55882597e-01
-3.66865903e-01
8.03593099e-01
-3.09472352e-01
