0011101101000001
0011101110100100
0011101100110100
0011101110111110
0011101110000000
0011101100110011
0011101111010101
0011101111011110
0011101101010000
0011101101110101
0011101101100100
0011101111101001
0011101101001100
0011101111001001
0011101101010101
0011101101001100
0011101100110001
0011101011111110
0011101111001101
0011101110001110
0011101110011000
0011101110000011
0011101110010001
0011101101000101
0011101100111100
0011101110110010
0011101101111010
0011101101110110
0011101101010010
0011101110010001
0011101110110000
0011101101001010
0011101101110111
0011101100110010
0011101110011001
0011101101111001
0011101110101111
0011101110001101
0011101100111101
0011101111001101
0011101110000010
0011101101111001
0011101100101110
0011101110101011
0011101100001000
0011101100111110
0011101110011000
0011101101101000
0011101110101101
0011101101101110
0011101101000010
0011101101110101
0011101101011011
0011101110010101
0011101100010011
0011101101100100
0011101110111110
0011101010111010
0011101100001111
0011101110100101
0011101110110000
0011101110000011
0011101110011010
0011101111000100
0011101111000010
0011101110000111
0011101111010111
0011101111001001
0011101101110100
0011101110011101
0011101111000000
0011101111100001
0011101101111010
0011101111000111
0011101110110011
0011101101001111
0011101101011000
0011101100101110
0011101111010110
0011101101101001
0011101011100101
0011101111010111
0011101111011110
0011101101111011
0011101101110100
0011101101110111
0011101100000111
0011101110011111
0011101100100101
0011101100111100
0011101110001111
0011101101100010
0011101110001010
0011101100110100
0011101101010111
0011101101010001
0011101100101010
0011101110100011
0011101110100111
0011101101011110
0011101110110111
0011101100111000
0011101110001110
0011101101100010
0011101101110101
0011101101110011
0011101100011010
0011110000001000
0011101110101110
0011101110000001
0011101101010100
0011101100110110
0011101101111100
0011101101100110
0011101101011101
0011101100111110
0011101111100001
0011101110000001
0011110000010111
0011101101111101
0011101100101100
0011101110001111
0011101101101110
0011101101101110
0011101011101100
0011101101101000
0011101101101110
0011101111010011
0011101101011101
0011101101010011
0011101111001001
0011101101110101
0011101101010001
0011101111000111
0011101110011101
0011101101010011
0011101101001111
0011101011110010
0011101110111000
0011101100101001
0011101100101110
0011101101101110
0011101110000010
0011101100011100
0011101011011101
0011101101111111
0011101110100001
0011101101011111
0011101110110001
0011101110101011
0011101110001110
0011101111000000
0011101110111111
0011101110001000
0011101101111010
0011101100101110
0011101111001101
0011101101010011
0011101100111110
0011101101010111
0011101110110111
0011101101001000
0011101110001101
0011101110011101
0011101110000111
0011101101101101
0011101110110110
0011101100011010
0011101011110010
0011101110100111
0011101101101111
0011101100111101
0011101110000101
0011101100110000
0011101101000001
0011101101001100
0011101110111010
0011101100011001
0011101110001101
0011101110101010
0011101110000010
0011101101100100
0011101101111001
0011101100001100
0011101110001010
0011101110010110
0011101110111011
0011101101000001
0011101111011100
0011101110110101
0011101101000100
0011101011110011
