1.06383336
1.09000027
1.06320512
1.05225182
1.03450489
1.05840170
1.17107499
1.08999050
1.09290099
1.03879678
1.07392848
1.06446826
1.12918365
1.03022909
1.08037007
1.04585230
1.05063474
1.05797386
1.07715476
1.08680856
1.04761350
1.03880000
1.06269550
1.10220850
1.05263984
1.07610953
1.05091095
1.06984890
1.04648721
1.01646650
1.06433594
1.04202056
1.09360051
1.08070147
1.07370508
1.07209492
1.06567228
1.04333460
1.11752081
1.07289636
1.11482751
1.07332015
1.06501019
1.11159897
1.05346966
1.05584729
1.08935094
1.06977892
1.08557355
1.09813452
1.11260343
1.08484256
1.12256813
1.04757500
1.05840361
1.08101404
1.05697656
1.09455299
1.07028770
1.12425518
1.09329116
1.08149278
1.09354830
1.04434025
1.09128261
1.06228697
1.08010542
1.06867826
1.10197365
1.08180511
1.04929841
1.07718039
1.02471197
1.07901371
1.09593236
1.08655393
1.08416557
1.05252290
1.03478527
1.05868685
1.09795988
1.07040203
1.08696425
1.02286994
1.06354952
1.05139709
1.11748075
1.10906053
1.05117083
1.10427654
1.06450915
1.05386090
1.08394456
1.06271672
1.08046412
1.10963035
1.04889262
1.03361773
1.08412099
1.08727825
1.08597207
1.10547447
1.06540287
1.08615553
0.99069053
1.10540366
1.07178509
1.04422510
1.04469740
1.10304618
1.07137942
1.06976354
1.05667031
1.01497328
1.05861127
1.09293091
1.06270754
1.02401781
1.00250971
1.08770931
1.07954216
1.03581524
1.09184027
1.10295630
1.08755124
1.05205119
1.05177712
1.07290745
1.12030089
1.05563521
1.10762215
1.08845162
1.03461623
1.08460522
1.03582442
1.08216023
1.10651314
1.07062960
1.07439053
1.05408609
1.06025863
1.06756425
1.03005588
1.07636356
1.08228803
1.11842561
1.09078419
1.02792990
1.08555377
1.05317390
1.09064054
1.05173719
1.09268677
1.07382870
1.10938239
1.09036732
1.07418120
1.09001935
1.08312190
1.01113427
1.06489003
1.10507250
1.02896905
1.10847783
1.04516482
1.08101618
1.08728015
1.06473053
1.01830876
1.09399390
1.06493020
1.04905748
1.08925545
1.07805324
1.09680247
1.11127710
1.09552610
1.13286829
1.08376110
0.99277216
1.04558122
1.08516908
1.08414805
1.06118536
1.05246878
1.06956077
1.04693210
1.06010532
1.02886128
1.02756691
1.06751657
1.07022595
