-0.04801126
-0.00057966
-0.03033654
-0.04894900
-0.01037366
0.04973076
0.02190750
0.03010399
0.00175153
0.06338014
-0.01014762
-0.02496747
0.03660153
0.01191811
0.00284385
-0.00358341
-0.05240487
0.00992293
0.04946465
0.06946186
-0.03645040
0.01532774
-0.01483051
-0.05725027
0.01997004
-0.06158812
-0.03994011
0.00107059
-0.04621443
0.02339525
-0.04748346
-0.06095487
-0.05706179
0.01259263
-0.00189323
0.01309822
-0.02350719
-0.06792843
-0.03998689
-0.00004446
-0.03719943
-0.02386145
0.04820128
-0.00884463
-0.05940727
-0.00837069
0.02630557
0.02547623
0.01329647
-0.00014447
-0.05526489
0.04199006
0.03556461
0.04407655
-0.05687697
-0.01751359
0.04169982
-0.01203860
-0.01587676
-0.04238413
-0.03839802
-0.03617832
-0.03063853
-0.03309029
0.05762320
-0.04967893
-0.03525240
-0.00252945
0.05124623
-0.00403823
-0.03732559
-0.07138648
0.03752236
0.00901688
-0.06224801
0.01667637
0.02434728
-0.04434533
0.02475944
-0.04529794
-0.02556258
-0.04739198
0.07215574
-0.04253621
-0.06302369
-0.05387219
0.03837816
-0.00137433
-0.00784108
-0.01128010
0.02235208
-0.02586557
-0.04947517
-0.00533898
-0.06117691
-0.02709507
0.03405853
-0.03310974
-0.01085239
0.05958688
0.05799768
0.04701956
0.03474707
0.00229487
-0.04062416
-0.06650624
0.07574499
0.05827097
0.08386411
-0.04799389
0.02596033
0.00130845
0.07547355
-0.05056443
-0.02686208
-0.05651816
-0.03286744
-0.03347763
0.06738731
0.00976779
-0.05013124
0.02047330
0.00202864
-0.00154001
0.01151293
0.04098601
-0.04496544
-0.01872738
-0.05960032
0.02591541
-0.06342044
-0.05358018
0.03046185
-0.04567896
0.01850997
0.06444886
-0.00208846
-0.04950356
0.03365792
-0.00023439
0.00628785
0.01422804
-0.06124763
0.03012677
0.05206861
-0.07206047
-0.05675267
-0.01711053
-0.02434514
-0.03913150
0.05817905
-0.00915183
0.04690883
-0.00186237
-0.03953194
0.01814043
0.04733179
0.03735607
0.00261410
0.02594760
-0.02551555
-0.00878787
-0.06552751
-0.00597253
0.03052175
0.03096868
-0.05119463
-0.02446087
-0.01682533
-0.02079868
-0.06429359
0.01790279
0.02785294
-0.03078390
0.03333745
0.06238012
-0.00307380
-0.00360559
-0.05015752
-0.03920988
0.04384810
0.07480563
-0.06575694
-0.01592964
0.03578518
-0.00813459
0.03971844
-0.00582204
-0.02254888
-0.00586194
0.01635198
0.06281302
