-0.00073477
-0.02462132
-0.04085660
0.00901711
-0.03606735
0.05513789
-0.01730650
0.03867312
-0.01110001
0.02490777
-0.03185294
0.03334391
-0.03653037
-0.00236054
0.01628258
-0.00366384
-0.01973952
-0.00765469
0.04999340
0.04380168
-0.03174621
0.02762559
-0.00845024
0.00427167
-0.02756149
0.01427593
-0.02832855
0.01762175
0.03306662
0.02006042
-0.01805872
0.02644177
0.02340851
-0.00260391
0.00111211
0.04442265
-0.01594696
-0.05661284
-0.02026670
-0.01208586
-0.02001932
-0.01322888
0.01637072
0.03210297
-0.02490981
0.00730090
0.01692154
0.00461099
0.03586375
0.03308576
-0.03489786
0.01563908
0.03240300
-0.00904712
0.00653167
0.00459071
0.01802013
-0.04115953
-0.00975084
-0.00327311
-0.01709810
-0.00160444
-0.07250135
0.01824418
-0.01712388
0.04140965
-0.03133542
-0.01479593
-0.04975053
-0.02440321
-0.05040275
-0.02838609
-0.01306562
-0.01314432
0.02056770
0.02760318
-0.02118645
0.00039256
-0.02006664
0.01352116
-0.01664248
-0.02550397
0.00974543
0.04609076
-0.04263547
-0.01259077
-0.00036423
-0.01712930
0.01649481
-0.02146778
-0.04121768
0.00173637
-0.05207325
0.02555455
-0.01813203
0.01564918
0.01463249
-0.02464714
-0.02942184
-0.02535964
-0.00538669
-0.00555735
-0.03047101
-0.00229243
0.02934948
0.05366920
0.04058943
0.00207034
0.00817657
-0.01815540
0.01800204
-0.02363177
-0.00146933
-0.04617322
-0.00030059
-0.01703119
0.03368755
0.03864251
-0.02897615
0.04580066
0.00800857
0.01377248
-0.03986010
0.02070041
-0.04315795
-0.03838776
0.02790141
-0.00951700
-0.03232256
-0.04116843
0.01252333
-0.06000314
-0.01454835
-0.01687704
0.03794567
-0.02469290
0.02119829
0.02522951
-0.02735184
0.00810688
-0.02543436
-0.01688095
-0.00762386
0.04983755
-0.01794181
0.00048208
0.01788677
0.02695829
-0.02017191
-0.02207682
-0.01420311
0.02596492
-0.01239910
0.01027752
-0.00881880
0.02636375
-0.01567036
-0.02263278
0.01985828
-0.04439313
0.00432547
0.02669745
-0.00990466
-0.03467160
-0.03004652
-0.00291646
0.00061491
-0.03037374
-0.01795661
0.00523042
-0.01711604
0.00752540
-0.02892971
-0.00823248
-0.01437791
0.00936651
-0.01224131
-0.01544212
0.02878709
0.01903024
-0.01903688
-0.00527570
-0.01584952
0.02708597
0.01769478
-0.05633952
-0.02509949
-0.00879712
0.02388342
0.02020025
-0.00101695
-0.02916600
