0010110000101010
1010100101101100
1010100001010111
0001111111001001
1010100011101111
1010010000010111
1010010100000110
1001111010110000
1010100110110001
0010100011111111
1010010101010100
0010101110110100
1010101100000000
0000001110100010
0010100100110000
1010110000011011
1010110001111101
1010110010101110
0010100001110100
0010101110010011
1010100011110000
0010101101100101
1001111110100101
1010100011000000
0010100011111110
1010100101010101
1010110011110001
0001010100110000
0010011011111111
1010101101000001
1010100001001011
0001111010110111
0010100011111110
1010001100010000
1010101011111000
0010101000001101
1010100000011001
1010100010010100
0001111001010011
1010100101011111
1010011000001000
1010101011100000
1010100001001101
0010100010101000
1010010000000001
1001010010111001
0010101001111101
0001111101111010
0010101010010011
1010100011010011
0010110110110110
0010000100100010
0010110000000011
1010101001011011
1010011010110100
0010011101101110
0010011111001110
0010000000110101
1010011010110010
1010110000111000
1010101111011001
1010110010010111
1001111011110011
0010101000000111
1001111010011100
1010100011101101
1010100011100010
0010101111010111
1010100000110011
1010100111011101
1010101000110001
1010100010000000
1010100000010111
1010100000110110
0010100011011000
1010101100011000
1001100000101001
0010101101111100
1010100000101101
1010010011101110
1010100110110100
1010100001000010
0010100100101101
0010101001111110
1010110000011100
1010101001101011
0010010111100000
0010001110111110
1010110001101111
0010100111110101
1010100000101101
1010000111000110
0010101111110100
1010100011001011
1010010001110100
0010110010000011
1001111110000110
1010100011011010
1010101001100110
1010000110100110
1010100101110001
1001100011101101
1001010010110011
1010101010011001
0010101100100100
0010101000111110
0010101011110110
0010100110110100
0010101111101100
1010000000001001
0001111111000001
1001101000111100
1010100011100101
1010100010000001
1010011000000011
1010101101011010
0010100010001010
1010010111111111
1010011111010100
1010011011100101
0001110101110011
1010010011100010
1010001110011001
0010110000101001
1000010100101101
1010100001000001
0010100001100100
0010011000100010
0010100111101111
1010100011100001
0010101111101001
0010011010111010
1010011000111100
1010101101111001
1010100101011000
0010100011011011
1010011110111011
0010011000100011
1010101001011100
1010010111011010
1010011100011110
0010011110001011
1010101111111011
1001011110101110
1010001010001110
0010110010010111
0010010101100111
0010100010111111
1010010000100111
0010100010011001
1010100010101111
1010010100010110
1001111100001110
1010100101110001
0010101000100011
0001100100100000
0010100110110100
1010100111011101
1010101100001010
1010101111000001
0010011101110100
1010100010010000
1010110100010011
1010110111000101
1010010100100011
1010000100001000
1010101001101001
0010110000101100
1010110101111110
0010010111011100
0010010110001110
1010010011010111
1010011110001111
1010000010000000
0010011011000100
0010010111100001
0010110101101011
0010010111001111
1010101110110010
0010100111101010
0001111001000000
0010101010111000
1010001110000010
0010101001101011
1010010000011101
1010101011100011
1010100100101110
1010011100000010
0010100111001110
0010101100100000
0010100100011101
0010100111100100
