4.91357818e-02
9.88589674e-02
1.27527073e-01
-9.45197791e-02
9.15362239e-02
1.29831247e-02
-6.62355423e-02
7.94120952e-02
-2.34321095e-02
7.33010024e-02
1.49293706e-01
-7.77833089e-02
-5.10942601e-02
9.17481333e-02
-6.51612058e-02
-9.04778689e-02
-8.81209299e-02
-1.76864207e-01
1.09228730e-01
1.28721163e-01
2.83101350e-02
7.70249516e-02
-8.92280880e-03
-3.00016217e-02
-9.14378166e-02
-9.79771838e-02
8.32483098e-02
1.23377100e-01
-1.12151034e-01
7.27222636e-02
-1.27587654e-03
5.49554899e-02
3.08486726e-02
-7.21494630e-02
-1.09031215e-01
-6.25880435e-02
1.68397889e-01
9.96195748e-02
-2.61188839e-02
5.32630365e-03
6.14262484e-02
4.68319356e-02
4.26413305e-02
1.07407868e-01
-3.90850529e-02
3.31256613e-02
1.51278883e-01
-6.02167249e-02
-7.19476044e-02
-9.65753496e-02
-1.63296074e-01
-7.69913122e-02
6.49100766e-02
1.25106767e-01
-2.67692395e-02
7.74663612e-02
-2.47515477e-02
1.55109689e-01
8.27063434e-03
1.03072442e-01
-3.80101092e-02
-5.31104244e-02
4.80503067e-02
-3.57446335e-02
