1.06828928
1.10378706
1.03501594
1.05544698
1.05451095
1.09679854
1.04349601
1.04635501
1.04235935
1.03304422
1.06867540
1.04646134
1.02847719
1.04093325
1.03762054
1.05274868
1.03398240
1.03827763
1.06930518
1.05162752
1.08701742
1.05460787
1.05145490
1.01334381
1.06663799
1.06184363
1.01668417
1.08828008
1.07375574
1.04067850
1.05465770
1.05480599
1.03059244
1.01894081
1.03614700
1.04572034
1.01657259
1.06720686
1.06378186
1.06043911
1.02960801
1.04970157
1.09187841
1.07011878
1.08542407
1.04125738
1.01585519
1.02387547
1.01663959
1.08093274
1.04149020
1.05546069
1.05132580
1.02828884
1.00211966
1.02975202
1.02106249
1.05018699
1.05959105
1.04284632
1.06917202
1.04717135
1.06453645
1.08705986
1.08014166
1.05816531
1.06628776
1.03570521
1.07635403
1.04146147
1.03371942
1.02975357
1.05004120
1.07241809
1.11776471
1.07108009
1.08151424
1.01119912
1.06838191
1.06989837
1.01314497
1.03719676
1.02049351
0.99012214
1.01822543
1.03431892
1.06915677
1.07154560
1.03835893
1.05862749
1.06981468
1.03381813
1.04446363
1.04527426
1.04645741
1.04131854
1.06430829
1.00034857
1.05955493
1.01898563
1.06052291
1.01598358
0.99358428
1.07696617
1.06728697
1.02376986
1.04530871
1.02518713
1.06225538
1.05212653
1.04502821
1.04587436
1.10718262
1.05174613
1.02807152
1.04412413
1.05970705
1.07485056
1.03237939
1.05767632
1.10646737
1.06293464
1.08576119
1.04062152
1.08749509
1.07675815
1.05789983
1.03781450
1.03881609
1.04666734
1.04402268
1.04417598
1.08701348
1.08635783
1.03477275
1.03993058
1.08267641
1.01502502
1.04778719
1.01006246
1.06560469
1.04095268
1.01521730
1.03528011
1.02811205
1.06669283
1.05121887
1.05628741
1.04016244
1.04777586
1.01740050
1.00941479
1.06557107
1.03127861
1.04586661
1.03057754
1.07282817
1.04645455
1.07138646
1.07573497
1.06819582
1.07775640
1.05659306
1.05213583
1.01961243
1.05862534
1.00453639
1.09090519
1.03688824
1.01337111
0.98975456
1.03957880
1.03664577
1.05645025
1.05281091
1.01056015
1.03207374
1.03418350
1.11345136
0.99657118
1.07526314
1.07649446
1.03818166
1.04528880
1.03849387
1.04705584
1.03713346
1.03472531
1.05969048
1.05632889
1.07557714
1.03500581
