Layer: embedding.1.weight
Parameters:
[0.9763486  1.1794326  1.0539709  0.9596872  1.0171398  1.0860511
 1.0549618  0.939403   0.9926145  1.0065618  1.0855505  1.0469183
 1.03512    1.0689387  1.0363379  1.0783299  0.9876359  1.014049
 0.95334744 1.0098943  1.0907916  1.0059395  1.3189478  1.0094376
 0.97081083 1.0145746  0.9980863  1.0782918  1.0453293  1.0455827
 1.0470365  1.0381793  0.98612046 0.9522435  1.0070618  0.945278
 1.0351466  1.0155818  1.0955353  1.0577351  0.98113775 1.0589743
 1.1275865  1.0048515  1.048089   1.0446187  1.1218889  1.0958529
 1.1301353  1.0836385  1.0246459  1.0259737  1.0008368  0.9655231
 1.0157409  0.9914461  0.9597849  1.1086214  1.0758493  0.994079
 0.9535302  1.0444372  1.1591939  1.12052    1.0030366  0.9549452
 1.0745412  0.96942365 1.0329647  1.0164642  1.0218433  0.9385015
 1.0226805  1.028615   0.9911359  1.2549459  1.1890965  0.9530968
 1.2682775  1.061895   1.155411   0.9922327  1.0853335  0.9165877
 0.9571748  1.0367966  1.1463004  1.06098    1.0578343  1.1369772
 1.0091876  1.0657394  1.0424544  1.1585064  1.0037485  1.129066
 0.93531716 0.9856752  1.0154917  1.0932795  1.0010619  0.9181757
 1.1013185  0.96313304 1.0593292  1.0023348  1.0260499  0.95526636
 1.0156323  0.9996479  0.9892179  1.1064817  1.0792458  0.9759396
 1.0127407  0.98633087 0.9858233  0.97003084 1.0409293  1.0782728
 1.2103604  1.2052133  1.0515326  0.9951095  1.1812675  0.9932635
 1.1503645  1.1209152  1.1481837  1.2554883  1.0843607  1.0604562
 1.0312546  1.0202847  0.93157697 1.1467868  1.0220928  1.0201465
 1.0245165  1.0112813  1.0007827  1.0367284  1.0388277  1.1095923
 1.0417596  1.1412426  1.2090946  1.184641   1.0231105  0.94110024
 1.014419   1.0066067  0.9902745  0.9935099  1.1428528  0.95549816
 0.95653474 0.9944019  0.9893279  1.2563726  1.1077994  0.91461027
 1.0087808  1.2992572  1.2671255  1.0479761  0.97612953 1.1505833
 1.0119637  1.1055189  1.0565898  1.1126537  1.0153297  1.0456855
 1.17033    1.0813233  0.9947079  1.0803798  0.99888575 1.0018445
 1.0076324  1.1038162  0.9961539  1.1951741  1.0173479  1.0891342
 0.9990919  1.0901371  0.98036927 0.9743199  1.059383   1.0090278 ]

