Layer: embedding.cls_token
Parameters:
[[ 2.01056623e+00 -1.06991053e+00 -1.82531631e+00 -7.88303971e-01
  -5.21011055e-01  2.19351649e+00 -1.44135892e+00  1.34719938e-01
   1.33705139e+00 -1.87709308e+00 -6.40347600e-01  1.69874513e+00
   1.73694003e+00 -1.10736406e+00  4.20474224e-02  2.04648897e-01
   7.27412641e-01 -9.22406167e-02  1.03284717e+00 -1.20755320e-03
   1.68773487e-01  7.31983483e-01 -2.35560775e-01  1.03769839e+00
   9.63579118e-01  4.73406374e-01 -2.90052086e-01 -5.31489849e-01
   5.76663017e-01 -1.37200937e-01  1.41427529e+00 -2.33838484e-01
   1.32905698e+00 -8.42922986e-01  4.04847413e-01  2.28904366e+00
   1.06401777e+00 -1.04915333e+00 -9.45860088e-01 -5.62915683e-01
  -9.33322370e-01  6.66504800e-02  8.22866037e-02  9.94705021e-01
  -8.52649450e-01  1.71834677e-01 -9.87570509e-02  1.66575897e+00
  -1.88934803e+00 -1.70212710e+00  1.53975546e+00 -1.39696717e+00
   7.20358908e-01  6.96531177e-01 -8.80982041e-01 -2.75339842e-01
  -2.27255774e+00 -1.42017400e+00 -1.08181350e-01 -8.98718238e-01
   2.05534860e-01  2.48471916e-01 -1.47920355e-01 -1.85360853e-02
  -9.16189477e-02 -7.78992772e-01  4.95897233e-01 -1.01867020e+00
   1.69306904e-01  7.22677410e-01 -6.73330665e-01  3.84990990e-01
  -1.76135451e-01 -1.64509699e-01 -3.52996975e-01 -6.37164414e-01
  -8.71609390e-01  8.61059785e-01 -9.73885953e-01 -8.36378157e-01
   1.20892338e-01  1.85684490e+00  1.01186252e+00 -1.12588549e+00
  -5.93457744e-02  4.97535348e-01  8.09016764e-01  7.32230783e-01
   6.17708899e-02 -1.96688563e-01 -5.77438474e-01 -1.15257204e-01
  -2.35063910e+00  1.33535087e-01  6.67837977e-01  1.29814768e+00
  -9.17711020e-01 -1.49741495e+00  1.11020140e-01  3.99115741e-01
   2.54061699e-01 -8.04177940e-01 -1.76870501e+00  3.09164882e-01
  -1.00017762e+00 -1.89279032e+00 -2.21249151e+00  5.50940812e-01
  -6.52533472e-01  9.44489956e-01  3.03534508e-01  8.29591572e-01
  -6.75394177e-01  6.58167005e-01  1.49361348e+00  2.27013826e-01
  -1.23110557e+00 -1.84373045e+00  5.31940460e-01  4.15866524e-01
   3.69912058e-01 -1.15769672e+00 -1.72529846e-01 -1.34406114e+00
  -3.38031143e-01  5.30908048e-01 -2.30316501e-02  9.01113391e-01
   1.31618762e+00 -2.85434175e+00 -3.19297552e+00 -1.10250406e-01
   8.16927012e-03  3.06880265e-01  1.56739914e+00 -6.35396481e-01
  -8.86987567e-01 -9.76690292e-01 -4.08672877e-02 -1.10982609e+00
  -7.79808104e-01  1.08093739e+00 -9.65004742e-01  2.97749400e+00
   1.15926945e+00  2.07436994e-01  2.54262865e-01  1.73764622e+00
   2.28736937e-01  3.73741150e-01  8.10939670e-01  1.54570901e+00
  -7.08544075e-01  2.95277429e+00 -2.12454987e+00  6.93209410e-01
  -9.80949283e-01 -2.74269867e+00  1.23510349e+00  1.68737993e-01
   1.37050045e+00 -6.54013455e-01 -1.01346767e+00 -3.25404555e-01
   8.19389284e-01  3.08417320e-01  2.69354939e+00 -9.66935873e-01
   6.26534104e-01  2.45804414e-01  6.84152424e-01  4.82629329e-01
   9.04076874e-01 -1.50903893e+00 -1.74034983e-01 -8.55429590e-01
   7.81726360e-01  9.69635844e-01  1.45040274e+00  1.70307088e+00
   5.54837525e-01  7.44473413e-02  1.64505100e+00  7.20100522e-01
  -1.70243824e+00 -1.89694917e+00  7.71593571e-01  2.98926979e-01
  -1.74319756e+00  8.87206733e-01  1.56845570e-01 -2.27687383e+00]]

