1.20569475e-01
-1.61625713e-01
-1.60714999e-01
2.81946987e-01
-3.00575286e-01
9.04222578e-02
6.31791949e-02
-1.54090479e-01
1.65513292e-01
-9.78222191e-02
2.01454282e-01
-2.12504759e-01
1.71680748e-01
-1.65087834e-01
-1.75706729e-01
2.04167604e-01
2.97077652e-02
-2.67283976e-01
1.45503685e-01
-1.15870088e-01
1.17529824e-01
-3.18282098e-01
2.26795569e-01
-2.61705875e-01
1.98735937e-01
-1.31819278e-01
-5.89471757e-02
2.14278787e-01
-2.21393377e-01
1.15456678e-01
2.23164305e-01
-1.52760491e-01
1.77753553e-01
-1.06514893e-01
-1.89651981e-01
-3.21574546e-02
-1.73765525e-01
-4.00749929e-02
2.22105607e-02
1.91779807e-01
2.21695662e-01
-2.30071917e-01
-5.96564338e-02
1.52015612e-01
5.81795052e-02
-1.44375637e-01
-2.07389165e-02
2.53095776e-01
-3.88291441e-02
1.23633228e-01
1.81569010e-01
-2.11527705e-01
5.44154160e-02
-6.07328340e-02
2.24078551e-01
-1.33882001e-01
1.12314925e-01
-1.23205975e-01
-1.11409463e-01
2.27870598e-01
2.09238812e-01
-1.73964903e-01
-9.51707661e-02
1.45516470e-01
6.50404021e-02
-2.21356735e-01
1.50659308e-01
-1.93442151e-01
1.66385531e-01
-2.84804434e-01
9.27020609e-02
-1.96993858e-01
1.66123614e-01
-1.92325771e-01
-1.62644640e-01
1.59822389e-01
1.47983909e-01
-2.52658367e-01
5.13025373e-02
-1.84601247e-01
-1.92649171e-01
1.09508067e-01
-1.63876131e-01
1.82159960e-01
-1.92910016e-01
6.80538192e-02
1.76603138e-01
-2.09027141e-01
-1.05016872e-01
2.78118819e-01
-1.94850489e-01
2.32650772e-01
-1.68069135e-02
2.37343386e-01
1.89363614e-01
-1.50247052e-01
-3.71597745e-02
1.61861107e-01
1.93127751e-01
-1.41140386e-01
2.10167915e-01
-9.13087055e-02
-1.73305616e-01
1.42675340e-01
-1.56322822e-01
8.86854455e-02
-1.62907496e-01
1.66997269e-01
-1.95662409e-01
1.43023357e-01
-6.10983707e-02
9.03377458e-02
-7.14083016e-02
1.76143453e-01
4.66035008e-02
-1.44427404e-01
-9.81657356e-02
1.06280223e-01
-1.63340092e-01
1.36751279e-01
1.43920198e-01
-1.80839300e-01
2.50232935e-01
-1.63096368e-01
-1.28463522e-01
7.06838965e-02
-2.30750680e-01
1.85974702e-01
