0010010011100010
0001100000111100
1010010000011110
0001110001000011
1001101011111100
1001110000011110
0010000110001000
1010010100010111
1010000000010010
1010001100000000
0010000100110110
1010000110010010
0010011110000111
0010011010101001
1010000110111100
1010000000011111
1010010111011110
0010000000001110
1010011110111100
1010010011100110
1010001111010101
1001100100101111
0001110101011111
1010011010010111
1010010011101110
0001111011011001
1001110000010110
1001100011011010
0010000110010000
0010000111010111
1010010111000110
0001101000111010
1010011000001001
1010010101011001
1010000111100011
1010010100100010
0001110010101000
0001111011010010
1001101110000010
0010010101011011
1010011100100000
0001111101000011
1001101101111110
1010010110010010
0001101110000001
1001011000001001
0010010000110110
1010001001100100
1010010010101011
1010001110101010
0010000100111101
0010000011101010
1010000001111010
1010010000100111
0001110100110101
0010000110110110
1001010001100111
0001100010101000
1010010110100100
1010010011100111
0010010101101101
1001010100011100
1010000000110110
1010100001111111
0001000011101001
0001100001100111
1001111011000000
1010010011100000
0010001000001101
0010100000011110
1001110000010100
1001111100111100
1010000001111001
1001111111010010
1010010010000011
1001111011110111
1010010011001101
1010010001111011
0001111011000000
0010010101011111
1010001000001110
1010000011010111
1010101000100011
1010001001110000
0010000111111110
0010001101000000
1010000000101000
1010000000101110
0010000000100001
1010010010110011
1010010111101111
1010011110010010
0010011001110101
0010010111000001
1010000000010000
0001101010000111
0010000001110010
1010001111110100
0010001011100110
1001101000000010
0010100000001110
1010001011101101
1001101001100111
0010000001010010
1001110011101101
0010100010101011
0010011011110000
1001111000000111
1010001100100010
1000100110101000
0001101000010100
0010001001011000
0001101011111100
1001011100000010
0001010000000000
1001101110010110
0001110100110100
1001101100110011
0010000111011100
0010010110011111
0001010011001110
1010011110011000
0010000010110001
0010100000010001
1001100000100100
1010011000010111
1010001111010011
1001100000011100
1010001100010101
1010011110000110
0001111000110110
1010000100010011
1010001001010110
1010100011101111
0010001110101100
0000111101100100
0010011000110000
1001110110010000
1010010010011010
1001110100100101
1001001010101001
0010001011001011
1010100001011110
1001000101110000
1010010001101111
1010010010000100
0010010111000011
0010011111111100
0010000011000111
1010001001001010
1001110101010001
0010001100001011
1001111010100000
0010000111100111
1010000111100110
1001001011100010
0010010010000110
1010010100010001
1010011000000100
1001110010000000
1010100101000110
0001000111010010
0010010000011010
0010100000101100
0010001101110010
0010011101100111
1001101000000000
0010000000110011
0001100010111101
1001011010101100
0010011111110010
1000010011100100
0010010011000111
1001000110110110
1010011101111010
0001101110001111
1010011001110001
1010000011111111
1001111110011011
0010010011010111
1010001011101011
0010000111100111
0001011101100010
0010000100011101
0001110100011010
1001011101000101
0010011100010010
1010000000100100
1001111110000011
0010001000110010
1010000111001100
1010000011011111
