-0.01862656
-0.04387756
0.03038613
-0.00907712
0.06499713
0.01390854
0.04210890
-0.04610837
-0.06374534
0.06859891
-0.01912245
0.04690387
-0.01700849
-0.05476370
-0.04553180
0.07542616
0.04631891
-0.05585044
0.05614407
0.06445237
-0.03723561
-0.03324595
0.05190649
-0.01667997
-0.02241621
0.07648823
0.00615751
0.00112364
-0.04290032
0.01635392
0.03867079
0.02894931
0.00478203
0.03618198
-0.02257574
-0.07432123
-0.05135156
-0.04408349
-0.06416216
-0.02695752
0.04497603
-0.05664740
0.06361219
-0.04044992
-0.00001578
0.00996218
-0.06409837
0.01941326
0.03322468
0.04125078
-0.04737226
-0.01176683
0.00488444
-0.05633242
-0.06492282
0.00117262
-0.05959268
-0.02662731
-0.05744289
-0.03070048
-0.01500282
-0.05383911
0.04462256
0.05592865
-0.05419413
-0.03019539
-0.00435612
0.05183896
0.03992918
-0.00750116
-0.05671707
0.06186096
0.03753614
-0.01328590
-0.01446167
-0.03020749
0.07561540
-0.02983944
0.03726889
-0.03300464
0.06559429
-0.04842591
0.05748106
-0.04345600
-0.04763005
0.05836017
-0.04511244
0.01774157
0.03086942
0.03805583
-0.04685359
0.03808068
0.00715731
-0.05879617
-0.00909188
-0.06721790
0.03394585
-0.07704567
0.04933483
-0.02159612
-0.03322923
0.03781646
0.03315757
-0.01695918
-0.02820281
0.03562069
-0.02484010
-0.01219750
-0.01458141
-0.03044555
-0.02227790
-0.03456791
-0.06803186
0.04488980
-0.01923532
0.00439334
0.07132102
-0.06782455
-0.06612106
-0.01742612
0.05065859
-0.03757687
-0.04389694
0.05097519
0.04433418
-0.00437686
0.02228126
-0.06006818
-0.06260474
0.00899257
0.00109276
0.05044128
0.00234526
0.02563867
-0.02492001
0.05754950
0.03258936
-0.05531407
0.00524789
-0.04952325
-0.03271684
-0.02519418
-0.03522652
0.00676981
0.01605082
0.03184018
-0.05698810
0.00328055
-0.03207824
0.02054055
0.06684805
-0.03543920
-0.04225485
-0.06112361
-0.01531109
-0.04304384
0.04434941
0.04134971
0.03827923
-0.02277537
0.03474088
-0.02959807
0.05059006
-0.01446335
-0.02444311
0.02195359
0.06738068
-0.03379138
-0.05019949
0.06910092
-0.07416833
-0.01620266
-0.05162057
-0.02184643
0.02078464
0.05956524
-0.07139620
-0.02618770
-0.05722459
-0.02386482
-0.04137626
-0.06042703
0.01225377
0.03835516
-0.05584911
-0.00336832
-0.03622395
0.02792458
-0.03955470
0.05454552
0.02700542
-0.01256539
