0011110001010011
0011110001001110
0011110001000000
0011110000100010
0011110001110001
0011110001001100
0011110001011111
0011110000101010
0011110001101010
0011110001100100
0011110001100001
0011110000100100
0011110001010011
0011110001110011
0011110001000111
0011110001100100
0011110010000000
0011110001010001
0011110000111101
0011110000111110
0011110001100110
0011110000111111
0011101111101100
0011110001011000
0011110000101011
0011110010010001
0011110000001000
0011110001100000
0011110001110001
0011110001000100
0011110001000011
0011110001111101
0011110001010100
0011110001001001
0011110000011001
0011110001000101
0011110000111011
0011110000101111
0011110001001001
0011110000101100
0011110000101110
0011110001100100
0011110000111001
0011110001000100
0011110001000000
0011110001111010
0011110001101010
0011110001001010
0011110000100000
0011110001010000
0011110001000111
0011110000110010
0011110001001001
0011110001000001
0011110000110000
0011110001011001
0011110001011000
0011110001001000
0011110001100100
0011110001001011
0011110000110000
0011110000100000
0011110000110010
0011110000110101
0011110001011100
0011110001010010
0011110001011011
0011110000011101
0011110001001100
0011110001110101
0011110000010111
0011110000101100
0011110001100001
0011110001000001
0011110001001000
0011110001000011
0011110001100001
0011101111111011
0011110000111000
0011110001100101
0011110000011100
0011110001101110
0011110000011001
0011110001001011
0011110000110011
0011110001011000
0011110010001011
0011110001001101
0011110000111100
0011110001010101
0011110001010101
0011110001010010
0011110010010000
0011110001001001
0011110001101010
0011110001001000
0011110001000010
0011110001010101
0011110001010011
0011110000111010
0011110000111101
0011110001001011
0011110001011101
0011110001001010
0011110000111110
0011110000101010
0011110001111000
0011110000100000
0011110000111011
0011110001010100
0011110001001101
0011110000111111
0011110000101101
0011110000111100
0011110001001101
0011110001010001
0011110000110101
0011110000111101
0011110000110100
0011110001000111
0011110001000110
0011110001000111
0011110001101000
0011110000110010
0011110001101011
0011110001000111
0011110000101011
0011110001111001
0011110001011010
0011110000100000
0011110000111000
0011110001010100
0011110001101010
0011110001001001
0011110001101001
0011110001101100
0011110000101011
0011110001000100
0011110001001100
0011110001011011
0011110001000110
0011110001100110
0011110000100010
0011110001011110
0011110000110011
0011110001100000
0011110001111011
0011110001001110
0011110001010000
0011110000111111
0011110000101001
0011110001010110
0011110001001001
0011110001011110
0011110001100100
0011110001100101
0011110000110101
0011110000111011
0011110001010101
0011110001000000
0011110001100110
0011110000101110
0011110001010000
0011110001011110
0011110001000101
0011110000111100
0011110001001011
0011110001011101
0011110001000011
0011110001100110
0011110001100011
0011110001000001
0011110000110101
0011110001000110
0011110001100001
0011110001111110
0011110001001011
0011110001110000
0011110000110101
0011110001011000
0011110000100111
0011110001000101
0011110001010100
0011110000101001
0011110000100010
0011110001010110
0011110000011100
0011110001000001
0011110001010111
0011110001010100
0011110001101011
0011110001001011
