1010010000011110
1010010000101010
0010001001010111
1010011000011010
0010010011001010
0010010001010111
0010001100111010
1010001000100111
0010010001100100
1010100000011101
0010001001011011
1010100100110010
0001110110000001
0001111100010001
1010011000000000
0010000010011000
0010001010001011
0010011111001011
1010101111111100
1010010101000001
0010010001100011
1010011010111001
1010011111110111
0010010000010001
0001101011110100
0010000000010010
0010000100010010
1010010000001111
0010011010110111
1001100110011001
1010100011011011
1001110111111011
1010010010010011
1010101000011000
0010011110101010
1010010000000101
1010010000001111
0001100011101110
0010001100000111
0001110100110111
1010010000011111
0010011011000110
1010000110110010
0001010010011001
1010011001010111
0010110000110010
0010000101100101
1001110011100001
1010001100100011
0001101011000101
0010011001101001
1001101001001110
1010001111111110
0001100111100000
0010001000011000
0010010000100110
0010100000101110
1010010101110010
0010001001001000
0010001001111111
1010010001101100
1010011000011111
1010001111101010
0010010011101101
1010000010011010
1010010011010001
0010100001010000
0000001000011111
1000110110110001
0001100011101000
0010011100010101
1010010011110110
1010010011110110
1010001100000100
0001100001111001
1010011000100011
0010010101010111
1010001010100001
0000011100101001
1001110000110000
1001111001000111
0010110000110000
1010011011011001
1010010001000100
0010000010111111
0010000101011010
0001110010011100
0010000110100000
1010001001111101
1010100101001111
1010100001010010
0001011000000011
0010000011011100
0010010110010110
0000110011001010
0010011111110100
0010001001000010
1001110010001101
0010000101010010
0010010010011111
1010010111111001
1010010010101011
0010000000111000
0010010011011110
0010010100110100
0010001100011001
1001110001101010
1010100011111101
0010100001101011
1001110110000011
0010001100011010
0010110001001010
1010001001100101
1001010010101010
1001100111011001
1010010110011101
1001010100100001
1010010100110101
0010000111000000
0010001101010001
0010000100110100
0010000011111000
1001010100100011
0001110001101010
0010010010010111
0010100100010011
0010000111011010
0010010100101101
1000111000011101
1001111101101111
1010000111110100
1001111100110000
1001110001000100
1010010011000101
1001010000001011
1010100010000011
0010011100000010
0010000111101111
1010100001110011
1010100000011111
1010000111011011
1010100000010101
1010010010111010
1010010001100010
0010100011000110
1010000010100100
1010100110100000
1010101001110010
0010000101000100
1010001001111010
0010001011101001
1010001111011010
0010011110000110
1010001000100010
1001011001111000
1001111111011000
0010010011011100
1010010010011101
1010001101110100
1010000011101000
1001101111101001
1010001010111101
0010110000011100
1001110110000110
1010010100100010
1010000001010001
0010100100010100
1001011111110001
0010010000101100
1010010011000000
1001010010011000
0001010101100110
1001110000111001
0010000000111000
1010011001111011
0010010011011100
0010010011100110
1001111001110100
0010010011101110
1010010010100000
0010101001011110
1001101000001110
0010000000101110
0010001101110001
0010011110111100
1010000101110101
0001010001101100
0010010101001000
1010001010011001
1001101011000010
0001110010010010
0010100011111011
